0.0000000000	-2421115165659482719455050599497728.0000000000		0.00000	0.00000	0.00000	160789847117.72739	0.00000	0.00000	161153079451.88205	0.00000	0.00000	
100000.0000000000	-2421114189226979523973820564111360.0000000000		76.71844	0.00000	-8481.32065	160764364948.89041	0.00000	2872864767.90608	161112779070.46970	0.00000	2975293070.92577	
200000.0000000000	-2421111327606458302429405045063680.0000000000		306.84918	0.00000	-16959.89867	160687911913.30258	0.00000	5744916531.14935	160993064374.47540	0.00000	5941318146.51582	
300000.0000000000	-2421106776737120147725212350152704.0000000000		690.31857	0.00000	-25432.99234	160560469616.46112	0.00000	8615334419.99694	160797399170.33197	0.00000	8889459512.96884	
400000.0000000000	-2421100843062814389025058595012608.0000000000		1227.00382	0.00000	-33897.86168	160382011133.54297	0.00000	11483282654.99261	160531257436.12375	0.00000	11812340470.31386	
500000.0000000000	-2421093923132228771877800510488576.0000000000		1916.73313	0.00000	-42351.76936	160152505920.43140	0.00000	14347904800.71388	160201729762.38986	0.00000	14704306323.77931	
600000.0000000000	-2421086487350200897564655199715328.0000000000		2759.28570	0.00000	-50791.98157	159871925779.77008	0.00000	17208319362.83713	159817045061.85318	0.00000	17561800042.95647	
700000.0000000000	-2421079068243739706126535927791616.0000000000		3754.39182	0.00000	-59215.76890	159540251720.02087	0.00000	20063616572.05959	159386020515.43121	0.00000	20383643079.89469	
800000.0000000000	-2421072245253513649921962985652224.0000000000		4901.73296	0.00000	-67620.40726	159157481936.84293	0.00000	22912856418.55709	158917421448.52332	0.00000	23171216242.69070	
900000.0000000000	-2421066612413545021606745797033984.0000000000		6200.94184	0.00000	-76003.17868	158723641199.68341	0.00000	25755068583.43307	158419208542.83563	0.00000	25928488951.61396	
1000000.0000000000	-2421062717833450810483826497683456.0000000000		7651.60262	0.00000	-84361.37227	158238791355.66238	0.00000	28589255506.92958	157897695384.76636	0.00000	28661797795.35603	
1100000.0000000000	-2421060978528886259620777847422976.0000000000		9253.25095	0.00000	-92692.28502	157703041513.28232	0.00000	31414399846.20667	157356731191.14157	0.00000	31379274264.92585	
1200000.0000000000	-2421061596200047017190181327339520.0000000000		11005.37418	0.00000	-100993.22273	157116555362.13782	0.00000	34229476513.03848	156797111943.53873	0.00000	34089906441.12410	
1300000.0000000000	-2421064511924405132479859783630848.0000000000		12907.41148	0.00000	-109261.50084	156479553044.16644	0.00000	37033467563.69856	156216426408.94116	0.00000	36802372679.30476	
1400000.0000000000	-2421069423804838238419321425494016.0000000000		14958.75406	0.00000	-117494.44529	155792306552.82269	0.00000	39825376629.21753	155609418820.42853	0.00000	39523911916.80567	
1500000.0000000000	-2421075857807698386040463602745344.0000000000		17158.74533	0.00000	-125689.39340	155055130008.38446	0.00000	42604239614.73051	154968760494.64841	0.00000	42259491995.23692	
1600000.0000000000	-2421083256337797122995246170374144.0000000000		19506.68117	0.00000	-133843.69470	154268367726.16107	0.00000	45369130108.33836	154285997348.94357	0.00000	45011400619.88041	
1700000.0000000000	-2421091050405052070761379930308608.0000000000		22001.81011	0.00000	-141954.71182	153432382863.59973	0.00000	48119160025.50868	153552450739.04648	0.00000	47779216927.61325	
1800000.0000000000	-2421098701452937686307192294080512.0000000000		24643.33359	0.00000	-150019.82129	152547548121.00577	0.00000	50853477162.80502	152759953811.71735	0.00000	50560029917.26591	
1900000.0000000000	-2421105718587854619170414597767168.0000000000		27430.40625	0.00000	-158036.41442	151614238608.79785	0.00000	53571261261.53234	151901414368.92508	0.00000	53348775837.45696	
2000000.0000000000	-2421111665590456973949563207417856.0000000000		30362.13617	0.00000	-166001.89811	150632826296.57083	0.00000	56271719433.99100	150971250972.73352	0.00000	56138626380.61921	
2100000.0000000000	-2421116170565880852102849744601088.0000000000		33437.58516	0.00000	-173913.69573	149603675484.72955	0.00000	58954081045.11669	149965746972.64212	0.00000	58921420249.14314	
2200000.0000000000	-2421118944135448930241395172573184.0000000000		36655.76911	0.00000	-181769.24790	148527139188.67209	0.00000	61617591759.57768	148883331235.06665	0.00000	61688161239.97453	
2300000.0000000000	-2421119803832859297182714454605824.0000000000		40015.65822	0.00000	-189566.01335	147403556825.97781	0.00000	64261506553.62560	147724754361.19247	0.00000	64429598868.38935	
2400000.0000000000	-2421118696365571510454575284879360.0000000000		43516.17743	0.00000	-197301.46971	146233253838.46054	0.00000	66885081923.12095	146493109889.48959	0.00000	67136873029.76923	
2500000.0000000000	-2421115708611314549390250354933760.0000000000		47156.20668	0.00000	-204973.11434	145016543712.33096	0.00000	69487568005.94490	145193663456.06360	0.00000	69802165309.26384	
2600000.0000000000	-2421111063202891479349017469517824.0000000000		50934.58134	0.00000	-212578.46511	143753732376.35959	0.00000	72068201561.74303	143833491515.45874	0.00000	72419281598.61858	
2700000.0000000000	-2421105101965402791406445195689984.0000000000		54850.09256	0.00000	-220115.06120	142445124466.50140	0.00000	74626200571.70950	142420970500.70337	0.00000	74984105084.89006	
2800000.0000000000	-2421098264924349708562913281703936.0000000000		58901.48766	0.00000	-227580.46390	141091030754.47055	0.00000	77160760784.53970	140965172570.98721	0.00000	77494893559.92072	
2900000.0000000000	-2421091070784560384092501306245120.0000000000		63087.47057	0.00000	-234972.25738	139691776222.09503	0.00000	79671054177.42447	139475209372.29840	0.00000	79952423541.89325	
3000000.0000000000	-2421084097695065709077100576636928.0000000000		67406.70222	0.00000	-242288.04948	138247708604.75500	0.00000	82156229295.48122	137959537954.03925	0.00000	82359984131.84921	
3100000.0000000000	-2421077955184784639667821986447360.0000000000		71857.80098	0.00000	-249525.47244	136759207357.33359	0.00000	84615413790.25836	136425232584.18251	0.00000	84723194975.90126	
3200000.0000000000	-2421073235357691223733382779240448.0000000000		76439.34312	0.00000	-256682.18372	135226692624.91426	0.00000	87047719898.35167	134877255855.95667	0.00000	87049589104.68588	
3300000.0000000000	-2421070439176451289414555641315328.0000000000		81149.86327	0.00000	-263755.86669	133650632952.69028	0.00000	89452253575.80713	133317830205.93849	0.00000	89347903442.21751	
3400000.0000000000	-2421069891950118881901919510462464.0000000000		85987.85489	0.00000	-270744.23143	132031549654.46719	0.00000	91828127117.03802	131746076077.66403	0.00000	91627090643.24687	
3500000.0000000000	-2421071679825572780161163801395200.0000000000		90951.77075	0.00000	-277645.01541	130370015818.75916	0.00000	94174473503.41174	130158078192.64023	0.00000	93895192453.87488	
3600000.0000000000	-2421075638228423490072732206366720.0000000000		96040.02344	0.00000	-284455.98426	128666649344.33252	0.00000	96490459422.26367	128547428500.16891	0.00000	96158319025.04430	
3700000.0000000000	-2421081398282891464305877050195968.0000000000		101250.98585	0.00000	-291174.93246	126922101538.97769	0.00000	98775294010.43227	126906123242.70152	0.00000	98419969565.76981	
3800000.0000000000	-2421088466880402716261352816508928.0000000000		106582.99175	0.00000	-297799.68402	125137044253.04608	0.00000	101028232035.15533	125225576708.38908	0.00000	100680797195.31180	
3900000.0000000000	-2421096304833284713106423007936512.0000000000		112034.33632	0.00000	-304328.09323	123312158340.97363	0.00000	103248572282.25204	123497528504.90021	0.00000	102938756490.55278	
4000000.0000000000	-2421104379717560786211245997948928.0000000000		117603.27666	0.00000	-310758.04529	121448124864.34686	0.00000	105435653073.23946	121714731434.21408	0.00000	105189480194.74368	
4100000.0000000000	-2421112190385257763381847496065024.0000000000		123288.03240	0.00000	-317087.45702	119545618988.92116	0.00000	107588846721.89105	119871423797.11395	0.00000	107426740425.19130	
4200000.0000000000	-2421119274052621854724108429819904.0000000000		129086.78629	0.00000	-323314.27749	117605305759.38387	0.00000	109707553895.81122	117963651364.53305	0.00000	109642917220.26938	
4300000.0000000000	-2421125210575387075943269480267776.0000000000		134997.68473	0.00000	-329436.48872	115627836950.00674	0.00000	111791197969.46307	115989503098.22275	0.00000	111829467503.49625	
4400000.0000000000	-2421129634960068719932467564249088.0000000000		141018.83843	0.00000	-335452.10630	113613848685.36458	0.00000	113839218961.24207	113949285060.65465	0.00000	113977426997.14154	
4500000.0000000000	-2421132261840915498145434730233856.0000000000		147148.32299	0.00000	-341359.18002	111563960131.15955	0.00000	115851066656.66264	111845608536.76808	0.00000	116077976859.09908	
4600000.0000000000	-2421132917306196706573690521780224.0000000000		153384.17950	0.00000	-347155.79452	109478773950.65286	0.00000	117826192949.33546	109683336786.68626	0.00000	118123072492.23717	
4700000.0000000000	-2421131567359256499655552329056256.0000000000		159724.41522	0.00000	-352840.06985	107358879190.29956	0.00000	119764044038.81107	107469337395.15250	0.00000	120106083448.14090	
4800000.0000000000	-2421128331972165574601381135777792.0000000000		166167.00419	0.00000	-358410.16212	105204856783.59818	0.00000	121664053562.64406	105212025105.77934	0.00000	122022358336.47676	
4900000.0000000000	-2421123479911662813218689645543424.0000000000		172709.88787	0.00000	-363864.26405	103017287197.13213	0.00000	123525637732.58456	102920733171.55231	0.00000	123869629255.29340	
5000000.0000000000	-2421117408197001449622371485876224.0000000000		179350.97587	0.00000	-369200.60556	100796759280.55574	0.00000	125348193100.36536	100604988194.68785	0.00000	125648205776.97917	
5100000.0000000000	-2421110614776615607355048858746880.0000000000		186088.14654	0.00000	-374417.45432	98543879364.40205	0.00000	127131097015.35190	98273764866.52605	0.00000	127360953529.21736	
5200000.0000000000	-2421103670399491918126620501606400.0000000000		192919.24774	0.00000	-379513.11629	96259279967.54950	0.00000	128873710535.06258	95934771619.71785	0.00000	129013076479.68604	
5300000.0000000000	-2421097187954914595563929212026880.0000000000		199842.09746	0.00000	-384485.93628	93943627762.00652	0.00000	130575383646.68759	93593795370.12372	0.00000	130611714266.48441	
5400000.0000000000	-2421091780867115360980862536515584.0000000000		206854.48459	0.00000	-389334.29846	91597630358.01230	0.00000	132235462933.08826	91254140288.77316	0.00000	132165343904.38120	
5500000.0000000000	-2421088002982574535397362173476864.0000000000		213954.16961	0.00000	-394056.62687	89222040981.55276	0.00000	133853301827.12735	88916234761.26704	0.00000	133682974357.35353	
5600000.0000000000	-2421086273802018648284480686522368.0000000000		221138.88528	0.00000	-398651.38593	86817659604.76523	0.00000	135428272982.90242	86577521561.89310	0.00000	135173171620.25600	
5700000.0000000000	-2421086809696030503133523625377792.0000000000		228406.33743	0.00000	-403117.08095	84385329208.13496	0.00000	136959781150.07362	84232736795.98413	0.00000	136643043227.56842	
5800000.0000000000	-2421089589944751864463648442286080.0000000000		235754.20563	0.00000	-407452.25853	81925926997.55743	0.00000	138447273992.89462	81874591734.59949	0.00000	138097386586.15222	
5900000.0000000000	-2421094374495270111423504798711808.0000000000		243180.14400	0.00000	-411655.50713	79440352137.55144	0.00000	139890248453.66235	79494732777.51538	0.00000	139538192908.20035	
6000000.0000000000	-2421100764273091477690363194376192.0000000000		250681.78191	0.00000	-415725.45739	76929512761.98225	0.00000	141288251704.93420	77084758898.45338	0.00000	140964583106.94012	
6100000.0000000000	-2421108275449740057389420005818368.0000000000		258256.72476	0.00000	-419660.78265	74394314848.55910	0.00000	142640877581.53436	74637089927.75476	0.00000	142373104476.50684	
6200000.0000000000	-2421116399862407363927177353494528.0000000000		265902.55479	0.00000	-423460.19932	71835654243.65686	0.00000	143947760467.88132	72145582888.26202	0.00000	143758230327.00284	
6300000.0000000000	-2421124639272458842988304341663744.0000000000		273616.83180	0.00000	-427122.46731	69254411684.14558	0.00000	145208568512.33005	69605908655.48180	0.00000	145112913038.89676	
6400000.0000000000	-2421132517348460151865197014810624.0000000000		281397.09397	0.00000	-430646.39038	66651449866.60210	0.00000	146422997179.83640	67015764841.68934	0.00000	146429109739.18024	
6500000.0000000000	-2421139581988343231333896049131520.0000000000		289240.85866	0.00000	-434030.81655	64027611610.28333	0.00000	147590763219.64423	64375001120.82742	0.00000	147698274468.78754	
6600000.0000000000	-2421145411614097737008182397501440.0000000000		297145.62318	0.00000	-437274.63846	61383718676.01294	0.00000	148711598560.25397	61685691995.24268	0.00000	148911855802.04013	
6700000.0000000000	-2421149634798832050218067627606016.0000000000		305108.86563	0.00000	-440376.79369	58720571475.71200	0.00000	149785243594.22714	58952138259.12114	0.00000	150061842843.11230	
6800000.0000000000	-2421151964780302857291552044089344.0000000000		313128.04566	0.00000	-443336.26512	56038950415.38746	0.00000	150811439736.12491	56180737810.45748	0.00000	151141368902.95044	
6900000.0000000000	-2421152241106347692813685641707520.0000000000		321200.60534	0.00000	-446152.08124	53339619697.25921	0.00000	151789921835.25763	53379659836.25066	0.00000	152145326357.45001	
7000000.0000000000	-2421150463987848005652859104264192.0000000000		329323.96993	0.00000	-448823.31648	50623333947.31046	0.00000	152720411652.19568	50558293098.17171	0.00000	153070896073.08154	
7100000.0000000000	-2421146807744600401849228762021888.0000000000		337495.54873	0.00000	-451349.09143	47890847202.87502	0.00000	153602613773.14194	47726505496.90784	0.00000	153917881599.31567	
7200000.0000000000	-2421141608692424422315112936767488.0000000000		345712.73591	0.00000	-453728.57318	45142923041.81126	0.00000	154436214880.52731	44893812267.58512	0.00000	154688774753.93286	
7300000.0000000000	-2421135333876676125189277975838720.0000000000		353972.91133	0.00000	-455960.97553	42380344396.56361	0.00000	155220886483.80472	42068569201.41867	0.00000	155388544309.10278	
7400000.0000000000	-2421128542002378484956443915059200.0000000000		362273.44141	0.00000	-458045.55926	39603921930.05968	0.00000	155956290551.39468	39257280637.97400	0.00000	156024192468.99896	
7500000.0000000000	-2421121843852683210209638391742464.0000000000		370611.67993	0.00000	-459981.63231	36814500390.07514	0.00000	156642087305.77789	36464068857.73795	0.00000	156604138127.16858	
7600000.0000000000	-2421115860953693988966856640167936.0000000000		378984.96892	0.00000	-461768.55006	34012962649.58239	0.00000	157277944644.78250	33690328267.30102	0.00000	157137469819.91962	
7700000.0000000000	-2421111175998788756187429608620032.0000000000		387390.63950	0.00000	-463405.71546	31200231019.81359	0.00000	157863548815.26352	30934597421.04667	0.00000	157633098243.36115	
7800000.0000000000	-2421108272142578668586780269215744.0000000000		395826.01273	0.00000	-464892.57925	28377265150.57929	0.00000	158398615713.20612	28192703668.17789	0.00000	158098858336.60043	
7900000.0000000000	-2421107470043884110651945878814720.0000000000		404288.40047	0.00000	-466228.64015	25545055916.87952	0.00000	158882901516.53152	25458228455.22297	0.00000	158540664277.99527	
8000000.0000000000	-2421108882961743609758459682095104.0000000000		412775.10622	0.00000	-467413.44494	22704615476.69548	0.00000	159316210762.01593	22723278514.03205	0.00000	158961868268.06418	
8100000.0000000000	-2421112409634463338256436975108096.0000000000		421283.42601	0.00000	-468446.58867	19856964933.86346	0.00000	159698400128.87918	19979448358.66823	0.00000	159362961902.05826	
8200000.0000000000	-2421117768794978685023153507270656.0000000000		429810.64925	0.00000	-469327.71476	17003121952.64592	0.00000	160029377311.66602	17218786583.18695	0.00000	159741669451.64581	
8300000.0000000000	-2421124559144849788910804746108928.0000000000		438354.05958	0.00000	-470056.51508	14144090542.59725	0.00000	160309095872.84213	14434588682.94342	0.00000	160093361915.57434	
8400000.0000000000	-2421132319762120169352271520333824.0000000000		446910.93575	0.00000	-470632.73004	11280854135.15975	0.00000	160537547927.31873	11621926793.78939	0.00000	160411643861.43146	
8500000.0000000000	-2421140572499072633011066774749184.0000000000		455478.55249	0.00000	-471056.14870	8414371764.07272	0.00000	160714756460.11877	8777931371.11539	0.00000	160688969161.36880	
8600000.0000000000	-2421148841870527309624177544134656.0000000000		464054.18139	0.00000	-471326.60875	5545576373.92516	0.00000	160840768288.63959	5901902780.40695	0.00000	160917204824.98114	
8700000.0000000000	-2421156659648666769885330023645184.0000000000		472635.09173	0.00000	-471443.99665	2675374239.12512	0.00000	160915647756.20648	2995334135.45044	0.00000	161088136015.93277	
8800000.0000000000	-2421163567005913868212881852465152.0000000000		481218.55140	0.00000	-471408.24756	-195355026.45008	0.00000	160939470641.50244	61886931.29319	0.00000	161193953439.32297	
8900000.0000000000	-2421169127026811474923451177762816.0000000000		489801.82774	0.00000	-471219.34542	-3065757690.19353	0.00000	160912317670.71185	-2892694806.43311	0.00000	161227772087.33771	
9000000.0000000000	-2421172955551446653605157336514560.0000000000		498382.18845	0.00000	-470877.32292	-5935003593.24108	0.00000	160834267420.37759	-5860792458.31108	0.00000	161184198268.95959	
9100000.0000000000	-2421174768971130000334980175101952.0000000000		506956.90239	0.00000	-470382.26149	-8802281384.53804	0.00000	160705389153.11243	-8833317142.61392	0.00000	161059901585.95590	
9200000.0000000000	-2421174436241420053343423608913920.0000000000		515523.24052	0.00000	-469734.29126	-11666790804.69484	0.00000	160525736904.18329	-11800349732.26587	0.00000	160854086521.72659	
9300000.0000000000	-2421172015418038888617704450686976.0000000000		524078.47672	0.00000	-468933.59101	-14527732502.15636	0.00000	160295346458.16922	-14751978003.41816	0.00000	160568732650.56757	
9400000.0000000000	-2421167759032970171926205058514944.0000000000		532619.88869	0.00000	-467980.38812	-17384296900.16579	0.00000	160014236387.06662	-17679209591.55890	0.00000	160208509865.72351	
9500000.0000000000	-2421162086667330766952451918528512.0000000000		541144.75876	0.00000	-466874.95846	-20235654092.78457	0.00000	159682413231.12296	-20574802694.97895	0.00000	159780362139.03918	
9600000.0000000000	-2421155537024629297046683023048704.0000000000		549650.37481	0.00000	-465617.62631	-23080946357.08749	0.00000	159299879835.55432	-23433887715.25326	0.00000	159292838682.90894	
9700000.0000000000	-2421148715477494912032169820946432.0000000000		558134.03111	0.00000	-464208.76424	-25919283980.78901	0.00000	158866645408.13815	-26254323959.78283	0.00000	158755287201.21115	
9800000.0000000000	-2421142245835319993976353902821376.0000000000		566593.02918	0.00000	-462648.79297	-28749744366.60882	0.00000	158382736087.87659	-29036794486.81944	0.00000	158177005920.26703	
9900000.0000000000	-2421136725032524547145461988851712.0000000000		575024.67861	0.00000	-460938.18123	-31571374155.80405	0.00000	157848205265.01767	-31784659655.36079	0.00000	157566415118.84930	
10000000.0000000000	-2421132675267953254789349690572800.0000000000		583426.29801	0.00000	-459077.44561	-34383194267.56396	0.00000	157263143072.77374	-34503577611.92751	0.00000	156930294476.58273	
10100000.0000000000	-2421130493011435184463270012518400.0000000000		591795.21575	0.00000	-457067.15040	-37184207822.54203	0.00000	156627684241.84760	-37200894226.95644	0.00000	156273150862.30704	
10200000.0000000000	-2421130404281764933515505202888704.0000000000		600128.77090	0.00000	-454907.90737	-39973410543.08447	0.00000	155942013176.18802	-39884835018.45749	0.00000	155596807755.91000	
10300000.0000000000	-2421132441789615001520077017186304.0000000000		608424.31400	0.00000	-452600.37559	-42749802459.42688	0.00000	155206365182.09036	-42563592596.54464	0.00000	154900301605.81595	
10400000.0000000000	-2421136454627419931917737900638208.0000000000		616679.20795	0.00000	-450145.26124	-45512399111.40237	0.00000	154421023526.42886	-45244454286.81845	0.00000	154180111008.47864	
10500000.0000000000	-2421142147010935085328225001275392.0000000000		624890.82881	0.00000	-447543.31731	-48260240482.40880	0.00000	153586313112.56357	-47933110825.65326	0.00000	153430655696.80038	
10600000.0000000000	-2421149129663417596580064300892160.0000000000		633056.56666	0.00000	-444795.34343	-50992396721.82483	0.00000	152702592369.90384	-50633221547.87629	0.00000	152644937822.21335	
10700000.0000000000	-2421156964936686926407680695205888.0000000000		641173.82638	0.00000	-441902.18554	-53707970810.45354	0.00000	151770244986.51007	-53346223721.76658	0.00000	151815195357.70850	
10800000.0000000000	-2421165194494869657121682955960320.0000000000		649240.02850	0.00000	-438864.73563	-56406099071.37493	0.00000	150789672467.71692	-56071313929.97026	0.00000	150933489103.01285	
10900000.0000000000	-2421173349581819485856324286152704.0000000000		657252.61003	0.00000	-435683.93147	-59085950529.99284	0.00000	149761287650.14069	-58805521286.21098	0.00000	149992212978.24506	
11000000.0000000000	-2421180952668675489376320247300096.0000000000		665209.02524	0.00000	-432360.75628	-61746725688.43063	0.00000	148685508689.16425	-61543827319.01911	0.00000	148984566128.87503	
11100000.0000000000	-2421187523573502889313101462634496.0000000000		673106.74646	0.00000	-428896.23839	-64387654596.41791	0.00000	147562752896.84344	-64279341923.32841	0.00000	147905036635.32111	
11200000.0000000000	-2421192602562857108323232951304192.0000000000		680943.26493	0.00000	-425291.45096	-67007993489.72480	0.00000	146393430174.36008	-67003593604.52842	0.00000	146749917272.56720	
11300000.0000000000	-2421195796497166655925514259136512.0000000000		688716.09154	0.00000	-421547.51161	-69607019036.90970	0.00000	145177936553.30463	-69707010639.73633	0.00000	145517812219.55209	
11400000.0000000000	-2421196841577592214332179669319680.0000000000		696422.75765	0.00000	-417665.58202	-72184019648.42583	0.00000	143916649228.30762	-72379636761.39178	0.00000	144210024236.25491	
11500000.0000000000	-2421195662397761349260860089958400.0000000000		704060.81584	0.00000	-413646.86762	-74738284376.57011	0.00000	142609924903.04947	-75012039124.39905	0.00000	142830676706.11215	
11600000.0000000000	-2421192401990906985794398100389888.0000000000		711627.84070	0.00000	-409492.61718	-77269091206.72290	0.00000	141258102792.81561	-77596264694.42297	0.00000	141386463206.42258	
11700000.0000000000	-2421187408593015357900497467998208.0000000000		719121.42958	0.00000	-405204.12239	-79775697195.94524	0.00000	139861512273.36258	-80126648818.46497	0.00000	139886025419.10184	
11800000.0000000000	-2421181185755044354200485540921344.0000000000		726539.20338	0.00000	-400782.71744	-82257332434.26329	0.00000	138420483694.88831	-82600318156.63545	0.00000	138339077742.24603	
11900000.0000000000	-2421174327125533215289982484217856.0000000000		733878.80723	0.00000	-396229.77862	-84713198508.56024	0.00000	136935360194.87720	-85017333659.42467	0.00000	136755451709.79503	
12000000.0000000000	-2421167455859536605600575404376064.0000000000		741137.91129	0.00000	-391546.72385	-87142470932.70038	0.00000	135406508693.02101	-87380516453.36160	0.00000	135144205413.43381	
12100000.0000000000	-2421161176208993532161853940039680.0000000000		748314.21146	0.00000	-386735.01220	-89544304516.20450	0.00000	133834329103.47980	-89695038744.49619	0.00000	133512875037.28505	
12200000.0000000000	-2421156033442797913284041026568192.0000000000		755405.43012	0.00000	-381796.14349	-91917840825.19135	0.00000	132219261441.28001	-91967847345.43164	0.00000	131866894348.44687	
12300000.0000000000	-2421152475580190142524171770396672.0000000000		762409.31682	0.00000	-376731.65773	-94262217234.53342	0.00000	130561790620.35580	-94206959839.42850	0.00000	130209198329.11545	
12400000.0000000000	-2421150816261463635312008715304960.0000000000		769323.64903	0.00000	-371543.13467	-96576577114.85980	0.00000	128862448539.59132	-96420669821.83528	0.00000	128540043196.55960	
12500000.0000000000	-2421151206403052696880987586428928.0000000000		776146.23281	0.00000	-366232.19332	-98860080350.44943	0.00000	127121812976.02750	-98616725434.68500	0.00000	126857081216.30231	
12600000.0000000000	-2421153625496163566907512856772608.0000000000		782874.90349	0.00000	-360800.49138	-101111912953.86731	0.00000	125340503169.86623	-100801579790.51929	0.00000	125155699508.93346	
12700000.0000000000	-2421157897726291960630496068632576.0000000000		789507.52640	0.00000	-355249.72474	-103331294484.11314	0.00000	123519172713.89992	-102979816612.41014	0.00000	123429573886.56548	
12800000.0000000000	-2421163727142007226595507034914816.0000000000		796041.99749	0.00000	-349581.62694	-105517482490.68692	0.00000	121658501009.12492	-105153813226.20985	0.00000	121671336897.02516	
12900000.0000000000	-2421170738063513117718664102019072.0000000000		802476.24399	0.00000	-343797.96860	-107669774050.45334	0.00000	119759184681.01573	-107323635571.58931	0.00000	119873248660.40691	
13000000.0000000000	-2421178507111515659529424050585600.0000000000		808808.22508	0.00000	-337900.55689	-109787505147.17461	0.00000	117821929896.86224	-109487105327.56953	0.00000	118027795373.78308	
13100000.0000000000	-2421186580351323297459775463227392.0000000000		815035.93253	0.00000	-331891.23489	-111870048820.63728	0.00000	115847445793.74615	-111639965097.54526	0.00000	116128198759.68475	
13200000.0000000000	-2421194478238054083349561445711872.0000000000		821157.39130	0.00000	-325771.88106	-113916812673.40239	0.00000	113836438631.75095	-113776094671.43867	0.00000	114168867275.45474	
13300000.0000000000	-2421201698484532529842029907148800.0000000000		827170.66021	0.00000	-319544.40861	-115927235697.60730	0.00000	111789606102.40042	-115887781361.83046	0.00000	112145834647.74440	
13400000.0000000000	-2421207730726507065675900526788608.0000000000		833073.83248	0.00000	-313210.76487	-117900783780.16455	0.00000	109707631537.11047	-117966095671.03731	0.00000	110057206138.45619	
13500000.0000000000	-2421212094976842259283233703198720.0000000000		838865.03642	0.00000	-306772.93072	-119836942985.82335	0.00000	107591178503.72447	-120001444224.46913	0.00000	107903573550.94463	
13600000.0000000000	-2421214405917011407946681642123264.0000000000		844542.43592	0.00000	-300232.91995	-121735210103.13846	0.00000	105440887172.01691	-121984341093.20200	0.00000	105688288638.81532	
13700000.0000000000	-2421214448102253617108090569621504.0000000000		850104.23110	0.00000	-293592.77858	-123595081054.46669	0.00000	103257374328.75031	-123906349452.12227	0.00000	103417444644.73402	
13800000.0000000000	-2421212232632349495407494918307840.0000000000		855548.65885	0.00000	-286854.58426	-125416039189.65253	0.00000	101041238433.46613	-125761032182.04218	0.00000	101099454796.29460	
13900000.0000000000	-2421208007829907496296943787704320.0000000000		860873.99338	0.00000	-280020.44561	-127197546273.87082	0.00000	98793069547.97986	-127544686848.86674	0.00000	98744241092.10558	
14000000.0000000000	-2421202218280083801931673977749504.0000000000		866078.54675	0.00000	-273092.50149	-128939038396.72354	0.00000	96513462166.39413	-129256687118.38319	0.00000	96362191034.96156	
14100000.0000000000	-2421195432261802489765076356038656.0000000000		871160.66939	0.00000	-266072.92041	-130639927333.10806	0.00000	94203028109.90002	-130899388235.20369	0.00000	93963108901.00693	
14200000.0000000000	-2421188266956058874991824955506688.0000000000		876118.75065	0.00000	-258963.89977	-132299606221.19777	0.00000	91862407194.92715	-132477687246.49597	0.00000	91555344654.69791	
14300000.0000000000	-2421181330443311951817145298452480.0000000000		880951.21926	0.00000	-251767.66520	-133917457747.54465	0.00000	89492274695.43373	-133998382605.18239	0.00000	89145178775.94049	
14400000.0000000000	-2421175182444482343201209088737280.0000000000		885656.54385	0.00000	-244486.46982	-135492863365.41571	0.00000	87093345702.33614	-135469450920.67809	0.00000	86736454794.51053	
14500000.0000000000	-2421170305370726402912365515374592.0000000000		890233.23340	0.00000	-237122.59355	-137025212771.38582	0.00000	84666376839.16406	-136899302768.63068	0.00000	84330422868.76369	
14600000.0000000000	-2421167077485378366690804560297984.0000000000		894679.83776	0.00000	-229678.34240	-138513913300.77466	0.00000	82212165590.58704	-138296044659.12674	0.00000	81925773912.25050	
14700000.0000000000	-2421165747110358393850325035384832.0000000000		898994.94805	0.00000	-222156.04769	-139958398865.97919	0.00000	79731547215.23540	-139666777177.51242	0.00000	79518866552.27489	
14800000.0000000000	-2421166414201755106735870709858304.0000000000		903177.19715	0.00000	-214558.06539	-141358137755.78894	0.00000	77225389234.99352	-141016983760.41422	0.00000	77104147538.89667	
14900000.0000000000	-2421169027506627773721172512866304.0000000000		907225.26007	0.00000	-206886.77530	-142712638430.75076	0.00000	74694583890.77885	-142350079199.89346	0.00000	74674734431.20018	
15000000.0000000000	-2421173400257760186145390016331776.0000000000		911137.85442	0.00000	-199144.58035	-144021452672.75906	0.00000	72140039464.85880	-143667169152.74252	0.00000	72223088635.64214	
15100000.0000000000	-2421179238822338783808454697943040.0000000000		914913.74079	0.00000	-191333.90582	-145284176029.72769	0.00000	69562671604.36418	-144967025385.16089	0.00000	69741688130.87781	
15200000.0000000000	-2421186173213126760225204854587392.0000000000		918551.72311	0.00000	-183457.19858	-146500446098.46680	0.00000	66963395543.00656	-146246233369.45139	0.00000	67223628209.94945	
15300000.0000000000	-2421193779457115630074856162197504.0000000000		922050.64905	0.00000	-175516.92632	-147669939451.42084	0.00000	64343119548.52279	-147499447875.51309	0.00000	64663124081.14966	
15400000.0000000000	-2421201590302084664872301844496384.0000000000		925409.41037	0.00000	-167515.57675	-148792367810.13898	0.00000	61702739366.70947	-148719708401.84491	0.00000	62055933652.95139	
15500000.0000000000	-2421209099075370081660118400761856.0000000000		928626.94326	0.00000	-159455.65683	-149867473541.16293	0.00000	59043133200.16747	-149898808407.87070	0.00000	59399737427.98411	
15600000.0000000000	-2421215768511935460039544094588928.0000000000		931702.22867	0.00000	-151339.69198	-150895023987.23026	0.00000	56365156997.85925	-151027757269.51129	0.00000	56694493415.94346	
15700000.0000000000	-2421221059194415174579534126120960.0000000000		934634.29263	0.00000	-143170.22527	-151874803883.62518	0.00000	53669640502.59833	-152097394889.32828	0.00000	53942731357.10484	
15800000.0000000000	-2421224487201830391865411415048192.0000000000		937422.20658	0.00000	-134949.81661	-152806605461.44836	0.00000	50957385349.92056	-153099190762.80179	0.00000	51149682919.50631	
15900000.0000000000	-2421225705160235439845516284788736.0000000000		940065.08763	0.00000	-126681.04196	-153690216928.27103	0.00000	48229167003.01967	-154026172306.28146	0.00000	48323105274.93521	
16000000.0000000000	-2421224580434114234066857218801664.0000000000		942562.09885	0.00000	-118366.49254	-154525411459.37119	0.00000	45485741808.52414	-154873811973.92081	0.00000	45472695394.06026	
16100000.0000000000	-2421221234579094181522125535313920.0000000000		944912.44955	0.00000	-110008.77395	-155311939664.58325	0.00000	42727858795.82029	-155640636232.95804	0.00000	42609125197.91020	
16200000.0000000000	-2421216023076095463316102351683584.0000000000		947115.39548	0.00000	-101610.50543	-156049527818.22281	0.00000	39956273839.45718	-156328373620.03653	0.00000	39742887758.97758	
16300000.0000000000	-2421209465927045183166818864332800.0000000000		949170.23911	0.00000	-93174.31896	-156737882130.76938	0.00000	37171762849.83620	-156941619623.21390	0.00000	36883221003.61348	
16400000.0000000000	-2421202162120138802546358515400704.0000000000		951076.32979	0.00000	-84702.85850	-157376697329.06284	0.00000	34375131413.63268	-157487156902.61115	0.00000	34037314951.44425	
16500000.0000000000	-2421194718436099057274207046991872.0000000000		952833.06402	0.00000	-76198.77908	-157965667043.30206	0.00000	31567220050.78176	-157973130766.49203	0.00000	31209869077.60589	
16600000.0000000000	-2421187704060085814986269834346496.0000000000		954439.88557	0.00000	-67664.74603	-158504494062.98111	0.00000	28748905706.50175	-158408234759.80865	0.00000	28402950400.90406	
16700000.0000000000	-2421181625026517042904665960742912.0000000000		955896.28567	0.00000	-59103.43412	-158992899596.29669	0.00000	25921100577.21826	-158800975523.22760	0.00000	25616064518.72593	
16800000.0000000000	-2421176906246022998652606453121024.0000000000		957201.80322	0.00000	-50517.52666	-159430631433.22183	0.00000	23084749065.44099	-159159024889.89639	0.00000	22846376082.17733	
16900000.0000000000	-2421173872616095590926274111995904.0000000000		958356.02485	0.00000	-41909.71476	-159817471078.44540	0.00000	20240823138.79895	-159488653913.06705	0.00000	20089056736.43030	
17000000.0000000000	-2421172728840617552415266680340480.0000000000		959358.58514	0.00000	-33282.69637	-160153239658.27567	0.00000	17390316098.39888	-159794264454.44003	0.00000	17337760121.57122	
17100000.0000000000	-2421173544252701431374529393852416.0000000000		960209.16668	0.00000	-24639.17552	-160437802090.80252	0.00000	14534234902.78832	-160078059117.28772	0.00000	14585212247.20492	
17200000.0000000000	-2421176250068713609880226465054720.0000000000		960907.50017	0.00000	-15981.86143	-160671068972.54175	0.00000	11673591596.47776	-160339893196.25162	0.00000	11823873374.70001	
17300000.0000000000	-2421180651573259572503539334774784.0000000000		961453.36454	0.00000	-7313.46765	-160852995972.86398	0.00000	8809394723.89750	-160577325312.62787	0.00000	9046601017.55773	
17400000.0000000000	-2421186450428125669036548627103744.0000000000		961846.58699	0.00000	1363.28876	-160983581042.40524	0.00000	5942641592.74029	-160785842274.98169	0.00000	6247245023.79157	
17500000.0000000000	-2421193267933151846544594536759296.0000000000		962087.04302	0.00000	10045.68811	-161062860094.40106	0.00000	3074311867.79911	-160959205528.82828	0.00000	3421136297.96864	
17600000.0000000000	-2421200661569538924227695355101184.0000000000		962174.65654	0.00000	18731.00894	-161090901783.21069	0.00000	205362475.90351	-161089869335.33542	0.00000	565470717.60395	
17700000.0000000000	-2421208133593852021895115430690816.0000000000		962109.39979	0.00000	27416.52886	-161067801615.60806	0.00000	-2663276488.77915	-161169451876.16504	0.00000	-2320386917.15883	
17800000.0000000000	-2421215138718406906554549436153856.0000000000		961891.29345	0.00000	36099.52542	-160993675136.88705	0.00000	-5530705042.07800	-161189279910.80841	0.00000	-5234664262.86556	
17900000.0000000000	-2421221104388785969529327481520128.0000000000		961520.40654	0.00000	44777.27695	-160868649677.24985	0.00000	-8396055402.55978	-161141048105.10544	0.00000	-8173037464.46285	
18000000.0000000000	-2421225477489615615201866168664064.0000000000		960996.85649	0.00000	53447.06347	-160692854444.43381	0.00000	-11258491796.96837	-161017610129.82013	0.00000	-11128669928.07876	
18100000.0000000000	-2421227800868979712702509110788096.0000000000		960320.80902	0.00000	62106.16747	-160466409735.17892	0.00000	-14117206453.83688	-160813839780.51706	0.00000	-14092555629.63713	
18200000.0000000000	-2421227802285365974850984302608384.0000000000		959492.47816	0.00000	70751.87485	-160189417371.83881	0.00000	-16971410764.51313	-160527393797.21851	0.00000	-17054248507.66645	
18300000.0000000000	-2421225459684097082856275366117376.0000000000		958512.12616	0.00000	79381.47568	-159861955233.45621	0.00000	-19820322228.98241	-160159147092.90491	0.00000	-20002928606.16140	
18400000.0000000000	-2421221009468483523468767214436352.0000000000		957380.06340	0.00000	87992.26515	-159484078005.83649	0.00000	-22663149814.72326	-159713130618.80118	0.00000	-22928594970.77145	
18500000.0000000000	-2421214893129683458797440696582144.0000000000		956096.64830	0.00000	96581.54433	-159055824116.77661	0.00000	-25499081297.58195	-159195974568.35278	0.00000	-25823100138.87850	
18600000.0000000000	-2421207670112889704677088572735488.0000000000		954662.28721	0.00000	105146.62108	-158577226633.78812	0.00000	-28327275227.69463	-158616034530.30872	0.00000	-28680815048.88279	
18700000.0000000000	-2421199934689342765022397459333120.0000000000		953077.43427	0.00000	113684.81089	-158048325120.04242	0.00000	-31146858104.47467	-157982440664.16974	0.00000	-31498877706.69705	
18800000.0000000000	-2421192259553157729610615832444928.0000000000		951342.59127	0.00000	122193.43767	-157469176233.59113	0.00000	-33956925637.84647	-157304246904.02597	0.00000	-34277115318.32470	
18900000.0000000000	-2421185166994118271210473572532224.0000000000		949458.30751	0.00000	130669.83469	-156839862252.13678	0.00000	-36756546452.36327	-156589745548.95175	0.00000	-37017771182.03644	
19000000.0000000000	-2421179115470711297756676235460608.0000000000		947425.17959	0.00000	139111.34533	-156160497721.58765	0.00000	-39544767041.88497	-155845931409.28738	0.00000	-39725131590.10552	
19100000.0000000000	-2421174488230451590036466379522048.0000000000		945243.85127	0.00000	147515.32397	-155431234705.74268	0.00000	-42320617527.50370	-155078077364.93527	0.00000	-42405088460.71165	
19200000.0000000000	-2421171576891249728954132561133568.0000000000		942915.01325	0.00000	155879.13683	-154652266839.34644	0.00000	-45083118270.19337	-154289405163.57104	0.00000	-45064633568.26673	
19300000.0000000000	-2421170561229791635239984712122368.0000000000		940439.40294	0.00000	164200.16276	-153823831944.28201	0.00000	-47831287433.17969	-153480870635.53125	0.00000	-47711276767.20586	
19400000.0000000000	-2421171492379192314473116931719168.0000000000		937817.80427	0.00000	172475.79410	-152946212716.48749	0.00000	-50564149260.89327	-152651102650.97028	0.00000	-50352406828.95016	
19500000.0000000000	-2421174287182896270814581952086016.0000000000		935051.04742	0.00000	180703.43750	-152019735115.30594	0.00000	-53280742421.01646	-151796525231.86252	0.00000	-52994647105.25300	
19600000.0000000000	-2421178736459840052251975776993280.0000000000		932140.00858	0.00000	188880.51470	-151044764514.88275	0.00000	-55980127561.40800	-150911658049.90015	0.00000	-55643273795.73965	
19700000.0000000000	-2421184522980201372482486350643200.0000000000		929085.60965	0.00000	197004.46340	-150021700121.36481	0.00000	-58661393415.75490	-149989555064.41342	0.00000	-58301750053.02884	
19800000.0000000000	-2421191241073610143421438099456000.0000000000		925888.81798	0.00000	205072.73801	-148950968321.11969	0.00000	-61323661222.59933	-149022328163.56622	0.00000	-60971394736.75492	
19900000.0000000000	-2421198411794351670014953316679680.0000000000		922550.64604	0.00000	213082.81048	-147833015414.20450	0.00000	-63966087589.21595	-148001719536.23993	0.00000	-63651175313.85030	
20000000.0000000000	-2421205494478902636608336814931968.0000000000		919072.15110	0.00000	221032.17110	-146668299783.03156	0.00000	-66587865959.24011	-146919718807.17963	0.00000	-66337612205.22889	
20100000.0000000000	-2421211903796022034749626991509504.0000000000		915454.43495	0.00000	228918.32929	-145457283285.94781	0.00000	-69188226465.96463	-145769241756.74332	0.00000	-69024811993.74113	
20200000.0000000000	-2421217046157398090322360760532992.0000000000		911698.64348	0.00000	236738.81440	-144200421875.39963	0.00000	-71766433377.06895	-144544870662.83820	0.00000	-71704692937.40918	
20300000.0000000000	-2421220385081175978619840598376448.0000000000		907805.96638	0.00000	244491.17645	-142898156247.71478	0.00000	-74321779016.45920	-143243591781.79483	0.00000	-74367491802.35410	
20400000.0000000000	-2421221528713728355817370272399360.0000000000		903777.63675	0.00000	252172.98697	-141550904439.46817	0.00000	-76853573530.02910	-141865376946.31235	0.00000	-77002602585.32529	
20500000.0000000000	-2421220310844094516697102647558144.0000000000		899614.93074	0.00000	259781.83970	-140159058886.46790	0.00000	-79361131342.14478	-140413408223.30457	0.00000	-79599679445.08182	
20600000.0000000000	-2421216827705259609510944207536128.0000000000		895319.16710	0.00000	267315.35142	-138722989693.14435	0.00000	-81843756969.59016	-138893805957.66656	0.00000	-82149790755.10458	
20700000.0000000000	-2421211410919187576419366931005440.0000000000		890891.70684	0.00000	274771.16264	-137243053753.25903	0.00000	-84300733680.66408	-137314888879.09160	0.00000	-84646345605.70139	
20800000.0000000000	-2421204551414326837974014493720576.0000000000		886333.95276	0.00000	282146.93836	-135719607206.69130	0.00000	-86731317477.87633	-135686167245.07649	0.00000	-87085594733.62302	
20900000.0000000000	-2421196811343321896138122683482112.0000000000		881647.34900	0.00000	289440.36885	-134153017986.57657	0.00000	-89134736700.94724	-134017328376.39520	0.00000	-89466682185.50323	
21000000.0000000000	-2421188755920661156848826731986944.0000000000		876833.38064	0.00000	296649.17031	-132543676152.71069	0.00000	-91510195728.66380	-132317398710.76385	0.00000	-91791369291.12628	
21100000.0000000000	-2421180915887268029566819340648448.0000000000		871893.57316	0.00000	303771.08565	-130892001319.16586	0.00000	-93856880745.28192	-130594137697.88832	0.00000	-94063593492.79294	
21200000.0000000000	-2421173772928094941356432014966784.0000000000		866829.49202	0.00000	310803.88518	-129198447662.39783	0.00000	-96173966122.15060	-128853624701.92265	0.00000	-96288977826.08754	
21300000.0000000000	-2421167753355033234770413748224000.0000000000		861642.74217	0.00000	317745.36733	-127463507329.68181	0.00000	-98460620892.03363	-127099973416.56789	0.00000	-98474332786.89697	
21400000.0000000000	-2421163217868071216397912685674496.0000000000		856334.96748	0.00000	324593.35932	-125687712754.40781	0.00000	-100716015459.46663	-125335133322.44765	0.00000	-100627139111.14594	
21500000.0000000000	-2421160442504545747876067294576640.0000000000		850907.85033	0.00000	331345.71791	-123871637831.50351	0.00000	-102939328859.73903	-123558781914.69023	0.00000	-102754986469.02766	
21600000.0000000000	-2421159594028543731933657918603264.0000000000		845363.11101	0.00000	338000.33002	-122015897483.18510	0.00000	-105129756599.77409	-121768345226.72244	0.00000	-104864965395.73627	
21700000.0000000000	-2421160708529057083981304493506560.0000000000		839702.50720	0.00000	344555.11343	-120121145090.67084	0.00000	-107286518618.12849	-119959188534.03561	0.00000	-106963049421.81725	
21800000.0000000000	-2421163682049828799740679230062592.0000000000		833927.83345	0.00000	351008.01745	-118188067612.69568	0.00000	-109408866513.06256	-118124991541.60104	0.00000	-109053535397.88680	
21900000.0000000000	-2421168276531841854920770396880896.0000000000		828040.92059	0.00000	357357.02354	-116217378744.80659	0.00000	-111496089164.01549	-116258279766.14516	0.00000	-111138611904.13855	
22000000.0000000000	-2421174137016974089288294672105472.0000000000		822043.63516	0.00000	363600.14598	-114209810854.07097	0.00000	-113547516222.88655	-114351053419.16078	0.00000	-113218097590.86749	
22100000.0000000000	-2421180812333447788073924494884864.0000000000		815937.87883	0.00000	369735.43248	-112166106428.08789	0.00000	-115562519415.79356	-112395454765.76254	0.00000	-115289354202.92810	
22200000.0000000000	-2421187774185457774630177444200448.0000000000		809725.58781	0.00000	375760.96479	-110087009473.43225	0.00000	-117540511834.52559	-110384439212.62595	0.00000	-117347359978.65822	
22300000.0000000000	-2421194437097216659786513084579840.0000000000		803408.73220	0.00000	381674.85935	-107973257000.27667	0.00000	-119480945248.78371	-108312439222.52679	0.00000	-119384940943.07178	
22400000.0000000000	-2421200189197148829844901491376128.0000000000		796989.31543	0.00000	387475.26785	-105825570783.70578	0.00000	-121383305078.93840	-106176005854.54732	0.00000	-121393188876.64638	
22500000.0000000000	-2421204445257461752427615772213248.0000000000		790469.37360	0.00000	393160.37784	-103644650143.55191	0.00000	-123247102438.24583	-103974368671.29404	0.00000	-123362113171.25903	
22600000.0000000000	-2421206723781175322581424752558080.0000000000		783850.97481	0.00000	398728.41333	-101431167290.43962	0.00000	-125071863053.43187	-101709790354.78549	0.00000	-125281541817.98297	
22700000.0000000000	-2421206730761261582832097973764096.0000000000		777136.21861	0.00000	404177.63531	-99185767182.45589	0.00000	-126857114072.03203	-99387560661.73659	0.00000	-127142190927.06479	
22800000.0000000000	-2421204416922068716761347948281856.0000000000		770327.23523	0.00000	409506.34236	-96909073108.50626	0.00000	-128602371235.07205	-97015532538.10213	0.00000	-128936704711.87216	
22900000.0000000000	-2421199980095856881427373692551168.0000000000		763426.18498	0.00000	414712.87116	-94601697352.01529	0.00000	-130307129517.32964	-94603252020.22781	0.00000	-130660418048.54323	
23000000.0000000000	-2421193811708052609236365438091264.0000000000		756435.25758	0.00000	419795.59701	-92264254366.91069	0.00000	-131970859349.65784	-92160887105.33446	0.00000	-132311672661.44476	
23100000.0000000000	-2421186414920996231408811409145856.0000000000		749356.67142	0.00000	424752.93439	-89897373265.70599	0.00000	-133593008449.61310	-89698211293.76709	0.00000	-133891684851.31369	
23200000.0000000000	-2421178329296918825120735183241216.0000000000		742192.67291	0.00000	429583.33743	-87501707397.74031	0.00000	-135173007510.84700	-87223819353.70108	0.00000	-135404104576.49345	
23300000.0000000000	-2421170082399167905844237808173056.0000000000		734945.53574	0.00000	434285.30043	-85077940472.93245	0.00000	-136710277514.10788	-84744618847.40001	0.00000	-136854444655.79152	
23400000.0000000000	-2421162168768981532820207912878080.0000000000		727617.56018	0.00000	438857.35829	-82626789937.97107	0.00000	-138204237080.59485	-82265540957.69218	0.00000	-138249506285.99179	
23500000.0000000000	-2421155044313966856327288575754240.0000000000		720211.07237	0.00000	443298.08706	-80149008671.84372	0.00000	-139654309326.95627	-79789385387.61597	0.00000	-139596844074.64590	
23600000.0000000000	-2421149121663129543646865900175360.0000000000		712728.42353	0.00000	447606.10434	-77645385721.72324	0.00000	-141059928456.93158	-77316741737.56686	0.00000	-140904251799.18515	
23700000.0000000000	-2421144756238987384146356563083264.0000000000		705171.98928	0.00000	451780.06974	-75116746164.92001	0.00000	-142420546577.91037	-74845980520.15691	0.00000	-142179229859.40985	
23800000.0000000000	-2421142220380658711355672083038208.0000000000		697544.16887	0.00000	455818.68534	-72563949632.72322	0.00000	-143735640985.35275	-72373350903.25069	0.00000	-143428414989.08035	
23900000.0000000000	-2421141671145089357281646335754240.0000000000		689847.38443	0.00000	459720.69606	-69987886833.97223	0.00000	-145004721603.38300	-69893238084.68942	0.00000	-144656997108.83804	
24000000.0000000000	-2421143122992253979196611541073920.0000000000		682084.08021	0.00000	463484.89013	-67389473684.60439	0.00000	-146227337713.82996	-67398611752.38113	0.00000	-145868192636.63763	
24100000.0000000000	-2421146435987876387455295119425536.0000000000		674256.72179	0.00000	467110.09942	-64769643264.07273	0.00000	-147403082881.20761	-64881647971.31464	0.00000	-147062861541.08432	
24200000.0000000000	-2421151323229506772440834866413568.0000000000		666367.79534	0.00000	470595.19986	-62129336433.44524	0.00000	-148531597245.35419	-62334457789.51026	0.00000	-148239334322.62732	
24300000.0000000000	-2421157372643731187020379629551616.0000000000		658419.80680	0.00000	473939.11177	-59469492201.91697	0.00000	-149612566937.59631	-59749835732.94106	0.00000	-149393468442.46078	
24400000.0000000000	-2421164074504483635519337797779456.0000000000		650415.28112	0.00000	477140.80023	-56791038728.30717	0.00000	-150645720887.39905	-57121957360.95174	0.00000	-150518912887.34171	
24500000.0000000000	-2421170849644500047642409075474432.0000000000		642356.76143	0.00000	480199.27540	-54094885451.01273	0.00000	-151630825421.95959	-54446986470.58744	0.00000	-151607548730.89246	
24600000.0000000000	-2421177081322931339322656972341248.0000000000		634246.80827	0.00000	483113.59286	-51381916648.03578	0.00000	-152567676852.91449	-51723567871.94955	0.00000	-152650090187.72559	
24700000.0000000000	-2421182159603357295684175924297728.0000000000		626087.99873	0.00000	485882.85388	-48652986954.11846	0.00000	-153456092040.15155	-48953163645.92668	0.00000	-153636846959.57874	
24800000.0000000000	-2421185544614570217384582701907968.0000000000		617882.92569	0.00000	488506.20578	-45908919844.51617	0.00000	-154295897148.96497	-46140152238.86357	0.00000	-154558630582.24023	
24900000.0000000000	-2421186842235121661455540175241216.0000000000		609634.19696	0.00000	490982.84214	-43150510315.86756	0.00000	-155086915639.63846	-43291592088.85950	0.00000	-155407721724.14490	
25000000.0000000000	-2421185869362574612023817875226624.0000000000		601344.43449	0.00000	493312.00313	-40378532390.98160	0.00000	-155828957566.56619	-40416599700.80570	0.00000	-156178732442.08734	
25100000.0000000000	-2421182680513164255650290992152576.0000000000		593016.27349	0.00000	495492.97573	-37593750602.67568	0.00000	-156521812669.34583	-37525409670.00160	0.00000	-156869165017.84076	
25200000.0000000000	-2421177542493085014406648188370944.0000000000		584652.36168	0.00000	497525.09395	-34796933069.04275	0.00000	-157165248872.79126	-34628307419.85586	0.00000	-157479538165.26971	
25300000.0000000000	-2421170870159042851048726644916224.0000000000		576255.35836	0.00000	499407.73910	-31988863264.61267	0.00000	-157759016006.24225	-31734666004.85177	0.00000	-158013095762.32587	
25400000.0000000000	-2421163152923723854890107670626304.0000000000		567827.93364	0.00000	501140.33993	-29170348486.80265	0.00000	-158302852956.55231	-28852246830.37727	0.00000	-158475240798.74579	
25500000.0000000000	-2421154897964526720316660938440704.0000000000		559372.76757	0.00000	502722.37287	-26342224603.10593	0.00000	-158796496008.38797	-25986797420.71334	0.00000	-158872874050.38776	
25600000.0000000000	-2421146599810723910733712915955712.0000000000		550892.54926	0.00000	504153.36216	-23505357903.64777	0.00000	-159239686770.81482	-23141880360.52499	0.00000	-159213765425.29398	
25700000.0000000000	-2421138730706201754311706758086656.0000000000		542389.97608	0.00000	505432.88006	-20660645263.55231	0.00000	-159632179153.70563	-20318837191.13434	0.00000	-159506000858.22842	
25800000.0000000000	-2421131738635979340277560987615232.0000000000		533867.75274	0.00000	506560.54694	-17809013470.11444	0.00000	-159973745690.58856	-17516818965.36864	0.00000	-159757481055.97446	
25900000.0000000000	-2421126039706047909422385397235712.0000000000		525328.59050	0.00000	507536.03145	-14951417890.81185	0.00000	-160264183815.66525	-14732869413.41153	0.00000	-159975423527.44418	
26000000.0000000000	-2421121996353246074291689447489536.0000000000		516775.20625	0.00000	508359.05065	-12088840023.77515	0.00000	-160503322487.50961	-11962097359.84186	0.00000	-160165836520.95474	
26100000.0000000000	-2421119881040740469473182205607936.0000000000		508210.32168	0.00000	509029.37004	-9222283165.02760	0.00000	-160691028960.55774	-9197999581.59393	0.00000	-160332980739.03418	
26200000.0000000000	-2421119834430040481989391697313792.0000000000		499636.66239	0.00000	509546.80375	-6352765625.46035	0.00000	-160827214815.66882	-6432979417.75963	0.00000	-160478889819.25522	
26300000.0000000000	-2421121833002855695537992231813120.0000000000		491056.95706	0.00000	509911.21451	-3481311612.21643	0.00000	-160911839951.88016	-3659051966.63866	0.00000	-160603053265.62637	
26400000.0000000000	-2421125679038935159537101493501952.0000000000		482473.93657	0.00000	510122.51379	-608940734.31792	0.00000	-160944913415.60504	-868659171.53404	0.00000	-160702351612.39664	
26500000.0000000000	-2421131015987647568487833659244544.0000000000		473890.33311	0.00000	510180.66175	2263342388.19182	0.00000	-160926490662.95676	1944523407.64064	0.00000	-160771276130.77072	
26600000.0000000000	-2421137361530335749166823024623616.0000000000		465308.87934	0.00000	510085.66734	5134557032.77119	0.00000	-160856667688.87833	4784898309.74171	0.00000	-160802398443.76303	
26700000.0000000000	-2421144146992180826182761180037120.0000000000		456732.30752	0.00000	509837.58825	8003752977.94239	0.00000	-160735572921.67877	7654442099.71439	0.00000	-160787018273.30130	
26800000.0000000000	-2421150756965382199578185500196864.0000000000		448163.34860	0.00000	509436.53090	10870014516.89628	0.00000	-160563357727.82663	10552408267.31340	0.00000	-160715921837.73746	
26900000.0000000000	-2421156571573597679137222362660864.0000000000		439604.73140	0.00000	508882.65047	13732461749.33402	0.00000	-160340186089.65234	13475247610.00507	0.00000	-160580205958.63757	
27000000.0000000000	-2421161017922222007735254119350272.0000000000		431059.18170	0.00000	508176.15079	16590248823.59316	0.00000	-160066223957.07462	16416772281.84970	0.00000	-160372127839.67767	
27100000.0000000000	-2421163632159854577038055551533056.0000000000		422529.42139	0.00000	507317.28434	19442558659.54136	0.00000	-159741629162.61398	19368601002.03864	0.00000	-160085909452.94974	
27200000.0000000000	-2421164121180720581241376067289088.0000000000		414018.16760	0.00000	506306.35214	22288594062.58720	0.00000	-159366543400.94263	22320892569.28153	0.00000	-159718376557.72028	
27300000.0000000000	-2421162402832482789909676555239424.0000000000		405528.13181	0.00000	505143.70371	25127566140.39103	0.00000	-158941088006.72101	25263294835.43205	0.00000	-159269293795.13043	
27400000.0000000000	-2421158606588343191924590015152128.0000000000		397062.01902	0.00000	503829.73694	27958682039.96228	0.00000	-158465364605.49112	28185947920.47471	0.00000	-158741309960.23715	
27500000.0000000000	-2421153034030296695963171057303552.0000000000		388622.52687	0.00000	502364.89798	30781134408.90059	0.00000	-157939460309.13809	31080349609.42033	0.00000	-158139539688.68106	
27600000.0000000000	-2421146097496187578460007284342784.0000000000		380212.34477	0.00000	500749.68112	33594094266.54439	0.00000	-157363455806.59174	33939948242.78559	0.00000	-157470913347.25098	
27700000.0000000000	-2421138261637761874110846410424320.0000000000		371834.15308	0.00000	498984.62859	36396707606.12674	0.00000	-156737434264.02930	36760437448.85639	0.00000	-156743461800.35434	
27800000.0000000000	-2421130004409487244184113469456384.0000000000		363490.62219	0.00000	497070.33047	39188094898.17565	0.00000	-156061489498.30786	39539819016.30792	0.00000	-155965658826.41382	
27900000.0000000000	-2421121800041134250105453395574784.0000000000		355184.41174	0.00000	495007.42444	41967352263.36755	0.00000	-155335732890.06216	42278332322.13405	0.00000	-155145863839.25763	
28000000.0000000000	-2421114115672388969907931693711360.0000000000		346918.16970	0.00000	492796.59562	44733553394.75101	0.00000	-154560299344.53687	44978323817.84714	0.00000	-154291840315.44119	
28100000.0000000000	-2421107408528354415112895093276672.0000000000		338694.53156	0.00000	490438.57635	47485751987.02400	0.00000	-153735352961.74747	47644075918.21647	0.00000	-153410297073.04425	
28200000.0000000000	-2421102111156872008967469379092480.0000000000		330516.11948	0.00000	487934.14597	50222985108.51160	0.00000	-152861092897.38013	50281560463.72911	0.00000	-152506413935.18723	
28300000.0000000000	-2421098597731915580069441769046016.0000000000		322385.54143	0.00000	485284.13058	52944278334.84836	0.00000	-151937759293.73853	52898051297.19256	0.00000	-151583361411.75702	
28400000.0000000000	-2421097134363500870300583206060032.0000000000		314305.39038	0.00000	482489.40279	55648653325.40073	0.00000	-150965638379.06989	55501541521.32509	0.00000	-150641886427.42963	
28500000.0000000000	-2421097827710034572298353769447424.0000000000		306278.24345	0.00000	479550.88146	58335137796.66042	0.00000	-149945065273.01364	58099969083.28105	0.00000	-149680080913.04434	
28600000.0000000000	-2421100591990387266454026358620160.0000000000		298306.66107	0.00000	476469.53140	61002776796.59303	0.00000	-148876423123.94449	60700338256.54304	0.00000	-148693443046.86862	
28700000.0000000000	-2421105148640849985897827775021056.0000000000		290393.18623	0.00000	473246.36307	63650643401.21972	0.00000	-147760138058.76242	63307887138.39605	0.00000	-147675272643.40262	
28800000.0000000000	-2421111057856312829528518531481600.0000000000		282540.34357	0.00000	469882.43229	66277846965.54539	0.00000	-146596670618.80920	65925450420.29017	0.00000	-146617346867.82501	
28900000.0000000000	-2421117768209502374784080627630080.0000000000		274750.63863	0.00000	466378.83986	68883537841.97374	0.00000	-145386505174.20746	68553104282.19441	0.00000	-145510757058.28363	
29000000.0000000000	-2421124668777947013763666582437888.0000000000		267026.55706	0.00000	462736.73127	71466908450.38565	0.00000	-144130138860.97260	71188102668.77153	0.00000	-144346783286.21555	
29100000.0000000000	-2421131136611177138337045830172672.0000000000		259370.56377	0.00000	458957.29630	74027191139.98401	0.00000	-142828071101.26007	73825069776.42883	0.00000	-143117721956.18045	
29200000.0000000000	-2421136582058365878806793490006016.0000000000		251785.10215	0.00000	455041.76865	76563653287.62996	0.00000	-141480794306.90750	76456413201.79170	0.00000	-141817618509.64520	
29300000.0000000000	-2421140497276513932972681116778496.0000000000		244272.59331	0.00000	450991.42557	79075589875.57278	0.00000	-140088786307.91296	79072938321.19255	0.00000	-140442861961.04269	
29400000.0000000000	-2421142507137112917922664648015872.0000000000		236835.43528	0.00000	446807.58745	81562313852.66360	0.00000	-138652505315.68683	81664639578.99704	0.00000	-138992576551.61526	
29500000.0000000000	-2421142411745608570625524504723456.0000000000		229476.00224	0.00000	442491.61741	84023145102.10591	0.00000	-137172388388.47374	84221602898.70566	0.00000	-137468733207.74158	
29600000.0000000000	-2421140205002929398408698740604928.0000000000		222196.64373	0.00000	438044.92089	86457399536.62311	0.00000	-135648853975.57443	86734897680.14743	0.00000	-135875934709.47792	
29700000.0000000000	-2421136060279129283001609049079808.0000000000		214999.68395	0.00000	433468.94516	88864380138.31525	0.00000	-134082308160.92642	89197313173.33253	0.00000	-134220904871.00273	
29800000.0000000000	-2421130288892618898417857415086080.0000000000		207887.42096	0.00000	428765.17892	91243371274.27066	0.00000	-132473153219.79601	91603832877.72098	0.00000	-132511792490.24358	
29900000.0000000000	-2421123288772032150589043300630528.0000000000		200862.12598	0.00000	423935.15181	93593636557.34360	0.00000	-130821796687.19722	93951825449.31905	0.00000	-130757434007.48555	
30000000.0000000000	-2421115501487214382543941012553728.0000000000		193926.04263	0.00000	418980.43390	95914419517.27559	0.00000	-129128659528.79886	96241010839.07498	0.00000	-128966687490.00110	
30100000.0000000000	-2421107387265179902973442846097408.0000000000		187081.38624	0.00000	413902.63523	98204945921.29860	0.00000	-127394182869.54785	98473294423.83534	0.00000	-127147881492.56363	
30200000.0000000000	-2421099416577762870021845933883392.0000000000		180330.34309	0.00000	408703.40527	100464426814.91454	0.00000	-125618833540.16310	100652543382.98283	0.00000	-125308358029.65195	
30300000.0000000000	-2421092068686379592045759372984320.0000000000		173675.06976	0.00000	403384.43239	102692061982.67126	0.00000	-123803109087.82703	102784329298.45348	0.00000	-123454058035.52245	
30400000.0000000000	-2421085823809290809950528922976256.0000000000		167117.69239	0.00000	397947.44337	104887044210.25446	0.00000	-121947542763.37645	104875606496.05521	0.00000	-121589108391.64792	
30500000.0000000000	-2421081136824828965551768900468736.0000000000		160660.30599	0.00000	392394.20280	107048565156.18518	0.00000	-120052708413.92462	106934261524.33105	0.00000	-119715416205.43298	
30600000.0000000000	-2421078387792371319974803036700672.0000000000		154304.97379	0.00000	386726.51255	109175823552.64598	0.00000	-118119224387.84721	108968476256.63539	0.00000	-117832341694.90814	
30700000.0000000000	-2421077817862234793005742840348672.0000000000		148053.72655	0.00000	380946.21120	111268035711.08751	0.00000	-116147754897.75017	110985906539.10069	0.00000	-115936573866.67545	
30800000.0000000000	-2421079472617592204435957886222336.0000000000		141908.56194	0.00000	375055.17346	113324447108.01091	0.00000	-114139007304.86244	112992774215.85515	0.00000	-114022331745.25241	
30900000.0000000000	-2421083177830672854492634217971712.0000000000		135871.44381	0.00000	369055.30954	115344342821.09378	0.00000	-112093724757.94133	114993050692.74139	0.00000	-112081936437.16728	
31000000.0000000000	-2421088559174313657800120556584960.0000000000		129944.30168	0.00000	362948.56461	117327054524.95099	0.00000	-110012675149.02116	116987915077.35507	0.00000	-110106677131.61354	
31100000.0000000000	-2421095096102973780233587439697920.0000000000		124129.03000	0.00000	356736.91811	119271962793.77422	0.00000	-107896638507.37341	118975587007.65388	0.00000	-108087801542.98853	
31200000.0000000000	-2421102187484583216912326522306560.0000000000		118427.48763	0.00000	350422.38316	121178494907.17592	0.00000	-105746395054.17819	120951518499.25224	0.00000	-106017453232.53259	
31300000.0000000000	-2421109210382014255587793823596544.0000000000		112841.49718	0.00000	344007.00590	123046119300.88676	0.00000	-103562715346.38705	122908853602.54515	0.00000	-103889441696.93227	
31400000.0000000000	-2421115566572962378445005078396928.0000000000		107372.84446	0.00000	337492.86484	124874337897.91969	0.00000	-101346353001.57289	124839057142.16704	0.00000	-101699805954.95003	
31500000.0000000000	-2421120721828337569761866694000640.0000000000		102023.27787	0.00000	330882.07018	126662677149.39267	0.00000	-99098040025.01663	126732646273.14294	0.00000	-99447169954.24588	
31600000.0000000000	-2421124244110528429841031442202624.0000000000		96794.50785	0.00000	324176.76317	128410678288.44490	0.00000	-96818484812.94725	128579984607.13263	0.00000	-97132883902.50017	
31700000.0000000000	-2421125840127914394482395729362944.0000000000		91688.20630	0.00000	317379.11539	130117887381.81871	0.00000	-94508373107.33263	130372092174.06482	0.00000	-94760929517.70920	
31800000.0000000000	-2421125381664300156386327373283328.0000000000		86706.00607	0.00000	310491.32811	131783846142.26337	0.00000	-92168372090.32768	132101394235.99997	0.00000	-92337574159.14384	
31900000.0000000000	-2421122911099270138138288461971456.0000000000		81849.50042	0.00000	303515.63151	133408084724.87581	0.00000	-89799137276.22540	133762311205.70863	0.00000	-89870801165.51466	
32000000.0000000000	-2421118622306889086929434711162880.0000000000		77120.24247	0.00000	296454.28405	134990117495.09486	0.00000	-87401321151.50876	135351610741.75822	0.00000	-87369600239.19275	
32100000.0000000000	-2421112824088714956173895958265856.0000000000		72519.74476	0.00000	289309.57170	136529442026.13290	0.00000	-84975582114.33078	136868501425.98151	0.00000	-84843233624.11456	
32200000.0000000000	-2421105900341463402530993438982144.0000000000		68049.47871	0.00000	282083.80721	138025540760.56647	0.00000	-82522592467.13271	138314513201.63950	0.00000	-82300577662.77249	
32300000.0000000000	-2421098279871615286668613927305216.0000000000		63710.87417	0.00000	274779.32941	139477884323.11462	0.00000	-80043044887.11024	139693245525.15991	0.00000	-79749585711.66780	
32400000.0000000000	-2421090421165129618363611080556544.0000000000		59505.31894	0.00000	267398.50240	140885935587.48318	0.00000	-77537657527.43062	141010054926.15363	0.00000	-77196860216.21391	
32500000.0000000000	-2421082808331954830243247232647168.0000000000		55434.15835	0.00000	259943.71482	142249154134.26514	0.00000	-75007178313.55928	142271710988.03183	0.00000	-74647288872.49364	
32600000.0000000000	-2421075947371224303341901218578432.0000000000		51498.69480	0.00000	252417.37908	143567001383.15915	0.00000	-72452388926.82840	143485998115.67499	0.00000	-72103705573.84843	
32700000.0000000000	-2421070348693643698645224740880384.0000000000		47700.18733	0.00000	244821.93061	144838947123.49725	0.00000	-69874108435.27766	144661205232.43307	0.00000	-69566579353.44148	
32800000.0000000000	-2421066484661218458313641640853504.0000000000		44039.85123	0.00000	237159.82703	146064478115.78391	0.00000	-67273195723.16481	145805449638.05878	0.00000	-67033799139.70805	
32900000.0000000000	-2421064722128393577768670331928576.0000000000		40518.85762	0.00000	229433.54740	147243108708.04984	0.00000	-64650549172.99012	146925839493.47900	0.00000	-64500677870.31655	
33000000.0000000000	-2421065247584903000246136829116416.0000000000		37138.33309	0.00000	221645.59142	148374392141.96469	0.00000	-62007102030.99876	148027580780.57855	0.00000	-61960301330.10029	
33100000.0000000000	-2421068015624061400497630782423040.0000000000		33899.35932	0.00000	213798.47862	149457930079.21268	0.00000	-59343812931.46969	149113226034.52417	0.00000	-59404263627.03233	
33200000.0000000000	-2421072746248337917590734454652928.0000000000		30802.97272	0.00000	205894.74756	150493377775.89310	0.00000	-56661652840.49363	150182270368.07672	0.00000	-56823688562.53506	
33300000.0000000000	-2421078972467337126202418348949504.0000000000		27850.16413	0.00000	197936.95502	151480443611.29190	0.00000	-53961591113.32235	151231198162.22830	0.00000	-54210321627.89260	
33400000.0000000000	-2421086115126777140409631418351616.0000000000		25041.87846	0.00000	189927.67518	152418883576.08517	0.00000	-51244583457.86555	152253932098.25766	0.00000	-51557469498.79153	
33500000.0000000000	-2421093555884543003821969516789760.0000000000		22379.01442	0.00000	181869.49876	153308492604.16858	0.00000	-48511563438.48026	153242534004.42313	0.00000	-48860656472.04051	
33600000.0000000000	-2421100691881749722608837131763712.0000000000		19862.42422	0.00000	173765.03222	154149094709.79370	0.00000	-45763437723.60304	154188000792.67734	0.00000	-46117981602.88581	
33700000.0000000000	-2421106972507655453803290434732032.0000000000		17492.91326	0.00000	165616.89693	154940533173.07004	0.00000	-43001084470.21701	155081056168.18088	0.00000	-43330225068.55998	
33800000.0000000000	-2421111927448116589823257636503552.0000000000		15271.23992	0.00000	157427.72829	155682661279.98398	0.00000	-40225354211.31165	155912897661.15967	0.00000	-40500754424.33773	
33900000.0000000000	-2421115193520044745218612344651776.0000000000		13198.11527	0.00000	149200.17488	156375333847.40726	0.00000	-37437072962.92336	156675880547.01981	0.00000	-37635253412.10261	
34000000.0000000000	-2421116540151476411640757228666880.0000000000		11274.20285	0.00000	140936.89767	157018399936.91022	0.00000	-34637047489.99503	157364106364.58801	0.00000	-34741278183.51418	
34100000.0000000000	-2421115886450122447165306857062400.0000000000		9500.11847	0.00000	132640.56909	157611697442.93823	0.00000	-31826072503.21103	157973861230.86172	0.00000	-31827659143.18895	
34200000.0000000000	-2421113301913622486901374259822592.0000000000		7876.42996	0.00000	124313.87223	158155050249.19467	0.00000	-29004939100.77051	158503848494.95941	0.00000	-28903803223.21902	
34300000.0000000000	-2421108988828777199413623900864512.0000000000		6403.65704	0.00000	115959.49992	158648268235.11008	0.00000	-26174443376.39421	158955193201.10172	0.00000	-25978982773.93209	
34400000.0000000000	-2421103252872377637185358286290944.0000000000		5082.27113	0.00000	107580.15395	159091149782.58875	0.00000	-23335394120.50814	159331246315.44254	0.00000	-23061696806.70967	
34500000.0000000000	-2421096473193441847398160251486208.0000000000		3912.69517	0.00000	99178.54412	159483485969.24353	0.00000	-20488618987.86541	159637253753.63434	0.00000	-20159154667.75585	
34600000.0000000000	-2421089081385814536866797830799360.0000000000		2895.30355	0.00000	90757.38740	159825065608.97821	0.00000	-17634969123.87148	159879957276.77203	0.00000	-17276882767.96790	
34700000.0000000000	-2421081551882167481460794199113728.0000000000		2030.42194	0.00000	82319.40705	160115680697.05328	0.00000	-14775322672.67403	160067162659.77426	0.00000	-14418420578.14966	
34800000.0000000000	-2421074397972294029145817699319808.0000000000		1318.32720	0.00000	73867.33177	160355132391.05447	0.00000	-11910587599.85835	160207264645.64124	0.00000	-11585071321.79356	
34900000.0000000000	-2421068160955792071888317091676160.0000000000		759.24728	0.00000	65403.89476	160543238089.74103	0.00000	-9041703818.37706	160308683788.77225	0.00000	-8775708293.61000	
35000000.0000000000	-2421063377866200615334036094582784.0000000000		353.36117	0.00000	56931.83289	160679840151.92712	0.00000	-6169643865.80324	160379171864.07010	0.00000	-5986696903.21956	
35100000.0000000000	-2421060519609981589973208710250496.0000000000		100.79881	0.00000	48453.88582	160764816119.61032	0.00000	-3295410714.98475	160424996676.68195	0.00000	-3212045756.71300	
35200000.0000000000	-2421059908159133262270447052914688.0000000000		1.64104	0.00000	39972.79507	160798089069.53638	0.00000	-420031273.47532	160450116178.53818	0.00000	-443902216.97998	
35300000.0000000000	-2421061641661048780363629452066816.0000000000		55.91962	0.00000	31491.30318	160779635551.17935	0.00000	2455454808.16278	160455544977.69785	0.00000	2326577197.69248	
35400000.0000000000	-2421065563004736522644090714587136.0000000000		263.61717	0.00000	23012.15283	160709488468.24109	0.00000	5330009494.65149	160439124392.77258	0.00000	5108103394.05726	
35500000.0000000000	-2421071288793940134481121284980736.0000000000		624.66718	0.00000	14538.08595	160587733711.01257	0.00000	8202610782.67571	160395791342.80862	0.00000	7908126624.66072	
35600000.0000000000	-2421078283496490157633904085827584.0000000000		1138.95408	0.00000	6071.84282	160414501577.39862	0.00000	11072264011.14667	160318263162.85205	0.00000	10731956630.85627	
35700000.0000000000	-2421085944318449990081989570461696.0000000000		1806.31321	0.00000	-2383.83878	160189955534.75082	0.00000	13938008395.82378	160197934449.12152	0.00000	13582264383.58321	
35800000.0000000000	-2421093668504725243525509018550272.0000000000		2626.53095	0.00000	-10826.22447	159914280864.87750	0.00000	16798918982.74408	160025782821.74277	0.00000	16458949876.49188	
35900000.0000000000	-2421100894774045165727439311077376.0000000000		3599.34474	0.00000	-19252.58416	159587674666.45468	0.00000	19654105271.84539	159793165833.47275	0.00000	19359275966.42007	
36000000.0000000000	-2421107126708333085940414840569856.0000000000		4724.44317	0.00000	-27660.19289	159210337568.25598	0.00000	22502707760.70401	159492480794.95355	0.00000	22278168368.72449	
