0.0000000000	-2421115079567739240913045972582400.0000000000		0.00000	0.00000	0.00000	160789847117.72739	0.00000	0.00000	161153079451.88205	0.00000	0.00000	
100000.0000000000	-2421114103138248629323353628344320.0000000000		76.71843	0.00000	-8481.32065	160764364949.58917	0.00000	2872864767.90949	161112779071.84644	0.00000	2975293070.96901	
200000.0000000000	-2421111241526274879583717121064960.0000000000		306.84918	0.00000	-16959.89867	160687911916.09644	0.00000	5744916531.17600	160993064380.09073	0.00000	5941318146.92368	
300000.0000000000	-2421106690669583409093933082345472.0000000000		690.31855	0.00000	-25432.99234	160560469622.74649	0.00000	8615334420.08368	160797399183.25003	0.00000	8889459514.65509	
400000.0000000000	-2421100757010044269024783823273984.0000000000		1227.00379	0.00000	-33897.86168	160382011144.71893	0.00000	11483282655.18970	160531257459.39319	0.00000	11812340475.16292	
500000.0000000000	-2421093837094158689291639189405696.0000000000		1916.73308	0.00000	-42351.76936	160152505937.90814	0.00000	14347904801.08334	160201729798.47101	0.00000	14704306334.87193	
600000.0000000000	-2421086401324844368640169731948544.0000000000		2759.28563	0.00000	-50791.98157	159871925804.97876	0.00000	17208319363.45622	159817045111.82254	0.00000	17561800064.38831	
700000.0000000000	-2421078982227868262420450990096384.0000000000		3754.39172	0.00000	-59215.76891	159540251754.42114	0.00000	20063616573.03075	159386020578.25241	0.00000	20383643116.03662	
800000.0000000000	-2421072159243529023418400608616448.0000000000		4901.73282	0.00000	-67620.40727	159157481981.92694	0.00000	22912856420.02391	158917421520.76587	0.00000	23171216296.93372	
900000.0000000000	-2421066526406548479412748215648256.0000000000		6200.94167	0.00000	-76003.17869	158723641256.96765	0.00000	25755068585.59815	158419208619.19894	0.00000	25928489024.90467	
1000000.0000000000	-2421062631828062017328003164405760.0000000000		7651.60241	0.00000	-84361.37228	158238791426.67023	0.00000	28589255510.06764	157897695459.53976	0.00000	28661797885.08741	
1100000.0000000000	-2421060892525564078261962287349760.0000000000		9253.25070	0.00000	-92692.28504	157703041599.51813	0.00000	31414399850.66499	157356731260.30127	0.00000	31379274364.82753	
1200000.0000000000	-2421061510200651974706432839778304.0000000000		11005.37388	0.00000	-100993.22275	157116555465.06320	0.00000	34229476519.22113	156797112006.71329	0.00000	34089906542.50185	
1300000.0000000000	-2421064425931134409028582867206144.0000000000		12907.41112	0.00000	-109261.50086	156479553165.19135	0.00000	37033467572.03822	156216426470.33835	0.00000	36802372773.33890	
1400000.0000000000	-2421069337819098974696888736940032.0000000000		14958.75364	0.00000	-117494.44532	155792306693.31381	0.00000	39825376640.14606	155609418888.22614	0.00000	39523911997.01505	
1500000.0000000000	-2421075771829422559678103338090496.0000000000		17158.74486	0.00000	-125689.39344	155055130169.68936	0.00000	42604239628.66073	154968760579.10187	0.00000	42259492059.10668	
1600000.0000000000	-2421083170365397161081114701332480.0000000000		19506.68063	0.00000	-133843.69476	154268367909.63797	0.00000	45369130125.66298	154285997460.02734	0.00000	45011400669.10609	
1700000.0000000000	-2421090964435990393063837586685952.0000000000		22001.80950	0.00000	-141954.71189	153432383070.64066	0.00000	48119160046.61493	153552450884.51859	0.00000	47779216967.05830	
1800000.0000000000	-2421098615484557673449248748732416.0000000000		24643.33291	0.00000	-150019.82137	152547548353.04694	0.00000	50853477188.09795	152759953996.17459	0.00000	50560029953.17498	
1900000.0000000000	-2421105632618305255676423557873664.0000000000		27430.40549	0.00000	-158036.41451	151614238867.31662	0.00000	53571261291.45842	151901414593.99985	0.00000	53348775875.59924	
2000000.0000000000	-2421111579619432159160051555106816.0000000000		30362.13532	0.00000	-166001.89821	150632826583.07104	0.00000	56271719469.05489	150971251238.23682	0.00000	56138626424.95428	
2100000.0000000000	-2421116084595132450244067583852544.0000000000		33437.58423	0.00000	-173913.69585	149603675800.72000	0.00000	58954081085.88622	149965747278.21545	0.00000	58921420301.41501	
2200000.0000000000	-2421118858168874392459665949589504.0000000000		36655.76808	0.00000	-181769.24804	148527139535.64783	0.00000	61617591806.67542	148883331581.75903	0.00000	61688161300.38100	
2300000.0000000000	-2421119717876067298367574328213504.0000000000		40015.65710	0.00000	-189566.01351	147403557205.40979	0.00000	64261506607.70987	147724754752.34491	0.00000	64429598937.14573	
2400000.0000000000	-2421118610425023599178593328955392.0000000000		43516.17620	0.00000	-197301.46990	146233254251.79926	0.00000	66885081984.86262	146493110330.46597	0.00000	67136873109.04313	
2500000.0000000000	-2421115622693138503450411961155584.0000000000		47156.20535	0.00000	-204973.11455	145016544161.02695	0.00000	69487568076.00938	145193663952.72479	0.00000	69802165404.73045	
2600000.0000000000	-2421110977311703019989016149753856.0000000000		50934.57990	0.00000	-212578.46534	143753732861.89307	0.00000	72068201640.78682	143833492071.74060	0.00000	72419281719.90475	
2700000.0000000000	-2421105016103408898616474606764032.0000000000		54850.09100	0.00000	-220115.06146	142445124990.41476	0.00000	74626200660.39616	142420971116.04242	0.00000	74984105244.46896	
2800000.0000000000	-2421098179090936739872146429313024.0000000000		58901.48599	0.00000	-227580.46420	141091031318.38925	0.00000	77160760883.57507	140965173238.51416	0.00000	77494893770.48401	
2900000.0000000000	-2421090984976526100021892672913408.0000000000		63087.46878	0.00000	-234972.25772	139691776827.72876	0.00000	79671054287.60329	139475210078.62537	0.00000	79952423812.72505	
3000000.0000000000	-2421084011907410753752298722164736.0000000000		67406.70030	0.00000	-242288.04985	138247709253.87247	0.00000	82156229417.73434	137959538681.15546	0.00000	82359984465.15601	
3100000.0000000000	-2421077869412006118747338430218240.0000000000		71857.79892	0.00000	-249525.47285	136759208051.71098	0.00000	84615413925.68364	136425233313.43008	0.00000	84723195364.33946	
3200000.0000000000	-2421073149595321278156489837510656.0000000000		76439.34092	0.00000	-256682.18418	135226693366.26817	0.00000	87047720048.21481	134877256573.28647	0.00000	87049589531.32127	
3300000.0000000000	-2421070353422318103296950166093824.0000000000		81149.86094	0.00000	-263755.86720	133650633742.61572	0.00000	89452253741.50250	133317830906.83626	0.00000	89347903883.60040	
3400000.0000000000	-2421069806204820533274116303618048.0000000000		85987.85241	0.00000	-270744.23198	132031550494.40550	0.00000	91828127300.01816	131746076769.75693	0.00000	91627091075.10486	
3500000.0000000000	-2421071594091865327879925530624000.0000000000		90951.76813	0.00000	-277645.01602	130370016710.01192	0.00000	94174473705.10747	130158078894.60713	0.00000	93895192857.56197	
3600000.0000000000	-2421075552509782992474448515301376.0000000000		96040.02065	0.00000	-284455.98493	128666650288.11906	0.00000	96490459644.02696	128547429237.15338	0.00000	96158319392.26884	
3700000.0000000000	-2421081312581993563972364278956032.0000000000		101250.98290	0.00000	-291174.93318	126922102536.51265	0.00000	98775294253.52284	126906124040.05214	0.00000	98419969899.86043	
3800000.0000000000	-2421088381198103457409781548974080.0000000000		106582.98865	0.00000	-297799.68481	125137045305.60687	0.00000	101028232300.77184	125225577586.13412	0.00000	100680797508.92300	
3900000.0000000000	-2421096219168443279907984769024000.0000000000		112034.33304	0.00000	-304328.09409	123312159449.93640	0.00000	103248572571.59058	123497529474.68533	0.00000	102938756801.13823	
4000000.0000000000	-2421104294067586564045089202503680.0000000000		117603.27321	0.00000	-310758.04623	121448126031.18582	0.00000	105435653387.55640	121714732499.19403	0.00000	105189480519.62744	
4100000.0000000000	-2421112104747085133967222537977856.0000000000		123288.02878	0.00000	-317087.45803	119545620215.17686	0.00000	107588847062.55124	119871424954.26335	0.00000	107426740777.75974	
4200000.0000000000	-2421119188423789042418303539085312.0000000000		129086.78248	0.00000	-323314.27858	117605307046.61551	0.00000	109707554264.31061	117963652608.31973	0.00000	109642917608.17828	
4300000.0000000000	-2421125124955109517662399697518592.0000000000		134997.68074	0.00000	-329436.48990	115627838299.74272	0.00000	111791198367.42258	115989504424.42621	0.00000	111829467929.17592	
4400000.0000000000	-2421129549349998263962258349490176.0000000000		141018.83425	0.00000	-335452.10757	113613850099.06624	0.00000	113839219390.37581	113949286469.15193	0.00000	113977427460.32556	
4500000.0000000000	-2421132176245386841112831676383232.0000000000		147148.31861	0.00000	-341359.18139	111563961610.21091	0.00000	115851067118.73138	111845610032.32658	0.00000	116077977360.56754	
4600000.0000000000	-2421132831731775159986677318942720.0000000000		153384.17493	0.00000	-347155.79599	109478775496.38028	0.00000	117826193446.10155	109683338377.29318	0.00000	118123073037.49336	
4700000.0000000000	-2421131481813581897864406248718336.0000000000		159724.41044	0.00000	-352840.07143	107358880804.01932	0.00000	119764044572.01299	107469339088.19041	0.00000	120106084049.55397	
4800000.0000000000	-2421128246462313396879874397831168.0000000000		166166.99920	0.00000	-358410.16381	105204858466.67480	0.00000	121664054134.00493	105212026903.21812	0.00000	122022359012.74896	
4900000.0000000000	-2421123394442501558850400813056000.0000000000		172709.88268	0.00000	-363864.26587	103017288951.02750	0.00000	123525638343.85776	102920735065.87943	0.00000	123869630027.94962	
5000000.0000000000	-2421117322769969388184297600450560.0000000000		179350.97046	0.00000	-369200.60750	100796761106.84697	0.00000	125348193753.40805	100604990167.26096	0.00000	125648206664.62749	
5100000.0000000000	-2421110529389323597259268381736960.0000000000		186088.14092	0.00000	-374417.45639	98543881264.75552	0.00000	127131097712.20576	98273766889.39767	0.00000	127360954541.19176	
5200000.0000000000	-2421103585046256921046550132555776.0000000000		192919.24189	0.00000	-379513.11851	96259281943.65015	0.00000	128873711278.01622	95934773660.99516	0.00000	129013077611.08667	
5300000.0000000000	-2421097102628148082156246684139520.0000000000		199842.09138	0.00000	-384485.93864	93943629815.45656	0.00000	130575384438.29651	93593797401.82869	0.00000	130611715496.52220	
5400000.0000000000	-2421091695559323341465623344447488.0000000000		206854.47829	0.00000	-389334.30097	91597632490.22495	0.00000	132235463776.13846	91254142295.13756	0.00000	132165345199.26851	
5500000.0000000000	-2421087917688438871104191083839488.0000000000		213954.16307	0.00000	-394056.62954	89222043193.67516	0.00000	133853302724.54152	88916236744.72050	0.00000	133682975677.68559	
5600000.0000000000	-2421086188519822927323394255880192.0000000000		221138.87851	0.00000	-398651.38878	86817661897.66319	0.00000	135428273937.61386	86577523544.20343	0.00000	135173172931.05482	
5700000.0000000000	-2421086724427790896985703077380096.0000000000		228406.33042	0.00000	-403117.08396	84385331582.45125	0.00000	136959782164.90933	84232738813.51875	0.00000	136643044507.63599	
5800000.0000000000	-2421089504694967072840069693833216.0000000000		235754.19838	0.00000	-407452.26174	81925929453.82535	0.00000	138447275070.51166	81874593829.12999	0.00000	138097387833.22763	
5900000.0000000000	-2421094289268865991452600603508736.0000000000		243180.13650	0.00000	-411655.51052	79440354676.32036	0.00000	139890249596.55978	79494734986.00879	0.00000	139538194138.12271	
6000000.0000000000	-2421100679073516705822788783439872.0000000000		250681.77416	0.00000	-415725.46098	76929515383.90924	0.00000	141288252915.52902	77084761245.52896	0.00000	140964584347.66147	
6100000.0000000000	-2421108190277875177424318858526720.0000000000		258256.71676	0.00000	-419660.78644	74394317554.43982	0.00000	142640878862.26721	74637092422.92294	0.00000	142373105759.71564	
6200000.0000000000	-2421116314716539710969455998664704.0000000000		265902.54654	0.00000	-423460.20333	71835657034.39676	0.00000	143947761821.31277	72145585527.92319	0.00000	143758231680.42145	
6300000.0000000000	-2421124554149033095348131414933504.0000000000		273616.82329	0.00000	-427122.47155	69254414560.69049	0.00000	145208569941.20084	69605911428.16820	0.00000	145112914481.38892	
6400000.0000000000	-2421132432243323198052602501660672.0000000000		281397.08520	0.00000	-430646.39485	66651452829.85473	0.00000	146422998687.08173	67015767734.49834	0.00000	146429111279.54688	
6500000.0000000000	-2421139496898212992055640407932928.0000000000		289240.84963	0.00000	-434030.82127	64027614661.02930	0.00000	147590764808.36246	64375004125.09236	0.00000	147698276108.09900	
6600000.0000000000	-2421145326537931971224101038587904.0000000000		297145.61389	0.00000	-437274.64343	61383721814.87720	0.00000	148711600233.64346	61685695109.83794	0.00000	148911857538.59027	
6700000.0000000000	-2421149549738837161457601904377856.0000000000		305108.85608	0.00000	-440376.79891	58720574703.15865	0.00000	149785245355.50964	58952141490.32308	0.00000	150061844678.44165	
6800000.0000000000	-2421151879742156119273762222768128.0000000000		313128.03584	0.00000	-443336.27062	56038953731.76591	0.00000	150811441588.48157	56180741168.11759	0.00000	151141370846.89359	
6900000.0000000000	-2421152156098421621505026645032960.0000000000		321200.59525	0.00000	-446152.08702	53339623102.88444	0.00000	151789923781.80411	53379663327.23332	0.00000	152145328430.10019	
7000000.0000000000	-2421150379019384996295011721019392.0000000000		329323.95958	0.00000	-448823.32255	50623337442.54976	0.00000	152720413696.01291	50558296719.24464	0.00000	153070898302.30966	
7100000.0000000000	-2421146722823372586535123899383808.0000000000		337495.53811	0.00000	-451349.09780	47890850788.20569	0.00000	153602615917.36115	47726509229.90826	0.00000	153917884014.00970	
7200000.0000000000	-2421141523822598459362399739707392.0000000000		345712.72502	0.00000	-453728.57986	45142926717.81937	0.00000	154436217128.44391	44893816079.20067	0.00000	154688777374.86176	
7300000.0000000000	-2421135249057555073548421605359616.0000000000		353972.90017	0.00000	-455960.98254	42380348163.87483	0.00000	155220888838.98358	42068573048.42011	0.00000	155388547140.44077	
7400000.0000000000	-2421128457228475879417396538114048.0000000000		362273.42998	0.00000	-458045.56660	39603925789.21432	0.00000	155956293017.72778	39257284476.86784	0.00000	156024195493.56247	
7500000.0000000000	-2421121759115036238995586379939840.0000000000		370611.66823	0.00000	-459981.64000	36814504341.38046	0.00000	156642089887.46915	36464072656.26636	0.00000	156604141307.44174	
7600000.0000000000	-2421115776242190954021645642104832.0000000000		378984.95696	0.00000	-461768.55810	34012966692.98528	0.00000	157277947346.25412	33690332014.37438	0.00000	157137473105.32220	
7700000.0000000000	-2421111091304875268177252971446272.0000000000		387390.62728	0.00000	-463405.72387	31200235154.83601	0.00000	157863551641.00168	30934601131.73066	0.00000	157633101582.28412	
7800000.0000000000	-2421108187461519967122593824112640.0000000000		395826.00024	0.00000	-464892.58804	28377269376.34407	0.00000	158398618667.59082	28192707381.48943	0.00000	158098861689.86249	
7900000.0000000000	-2421107385375798946648724131020800.0000000000		404288.38771	0.00000	-466228.64932	25545060232.22595	0.00000	158882904603.70276	25458232224.79252	0.00000	158540667629.30795	
8000000.0000000000	-2421108798310868969745632794247168.0000000000		412775.09320	0.00000	-467413.45451	22704619880.34773	0.00000	159316213985.82672	22723282394.51542	0.00000	158961871627.74536	
8100000.0000000000	-2421112325007096767722543697100800.0000000000		421283.41273	0.00000	-468446.59866	19856969424.59187	0.00000	159698403492.94711	19979452392.66970	0.00000	159362965302.78403	
8200000.0000000000	-2421117684196904391156806390382592.0000000000		429810.63571	0.00000	-469327.72518	17003126529.36593	0.00000	160029380819.50012	17218790793.11146	0.00000	159741672938.27884	
8300000.0000000000	-2421124474579380403425115413413888.0000000000		438354.04578	0.00000	-470056.52593	14144095204.38063	0.00000	160309099527.99033	14434593069.82120	0.00000	160093365533.17526	
8400000.0000000000	-2421132235229200063784642691465216.0000000000		446910.92170	0.00000	-470632.74135	11280858881.16828	0.00000	160537551733.48813	11621931342.27386	0.00000	160411647645.51123	
8500000.0000000000	-2421140487995563843256334763950080.0000000000		455478.53820	0.00000	-471056.16046	8414376593.44763	0.00000	160714760421.23511	8777936058.03834	0.00000	160688973132.86334	
8600000.0000000000	-2421148757391323258108062474436608.0000000000		464054.16685	0.00000	-471326.62099	5545581285.67057	0.00000	160840772408.83960	5901907583.85266	0.00000	160917208990.54852	
8700000.0000000000	-2421156575188327684718720639303680.0000000000		472635.07695	0.00000	-471444.00938	2675379232.01782	0.00000	160915652039.77463	2995339041.76301	0.00000	161088140372.77621	
8800000.0000000000	-2421163482560533651338170155925504.0000000000		481218.53638	0.00000	-471408.26079	-195349953.90125	0.00000	160939475092.77081	61891938.17403	0.00000	161193957982.83914	
8900000.0000000000	-2421169042595744490298057334718464.0000000000		489801.81250	0.00000	-471219.35916	-3065752539.72675	0.00000	160912322293.95441	-2892689691.71424	0.00000	161227776819.26248	
9000000.0000000000	-2421172871138407326086548456210432.0000000000		498382.17298	0.00000	-470877.33719	-5934998366.76144	0.00000	160834272219.73340	-5860787225.40170	0.00000	161184203203.25793	
9100000.0000000000	-2421174684584119316934751623839744.0000000000		506956.88670	0.00000	-470382.27629	-8802276084.00072	0.00000	160705394132.56992	-8833311787.50294	0.00000	161059906749.85907	
9200000.0000000000	-2421174351891137990315455381766144.0000000000		515523.22461	0.00000	-469734.30661	-11666785431.99339	0.00000	160525742067.64304	-11800344266.32685	0.00000	160854091950.54147	
9300000.0000000000	-2421171931115124317376132379836416.0000000000		524078.46061	0.00000	-468933.60692	-14527727059.06548	0.00000	160295351809.57217	-14751972458.14191	0.00000	160568738377.19519	
9400000.0000000000	-2421167674784856842102357941551104.0000000000		532619.87237	0.00000	-467980.40460	-17384291388.37374	0.00000	160014241930.54675	-17679204016.18232	0.00000	160208515908.29547	
9500000.0000000000	-2421162002475956739595573865218048.0000000000		541144.74225	0.00000	-466874.97553	-20235648514.01657	0.00000	159682418971.12421	-20574797146.86509	0.00000	159780368491.31339	
9600000.0000000000	-2421155452885735103658004037238784.0000000000		549650.35812	0.00000	-465617.64399	-23080940713.28574	0.00000	159299885776.86334	-23433882245.74073	0.00000	159292845311.30444	
9700000.0000000000	-2421148631381696636255318623387648.0000000000		558134.01424	0.00000	-464208.78253	-25919278274.29332	0.00000	158866651555.81372	-26254318599.95028	0.00000	158755294050.07666	
9800000.0000000000	-2421142161770609670110474030546944.0000000000		566593.01213	0.00000	-462648.81189	-28749738600.28048	0.00000	158382742447.08871	-29036789237.71169	0.00000	158177012924.28458	
9900000.0000000000	-2421136640987417059392036183998464.0000000000		575024.66141	0.00000	-460938.20079	-31571368333.05192	0.00000	157848211840.83960	-31784654485.97154	0.00000	157566422219.23056	
10000000.0000000000	-2421132591234439545686250338910208.0000000000		583426.28065	0.00000	-459077.46583	-34383188392.25881	0.00000	157263149869.98621	-34503572466.04497	0.00000	156930301636.36575	
10100000.0000000000	-2421130408986842493732442291044352.0000000000		591795.19825	0.00000	-457067.17128	-37184201898.84039	0.00000	156627691264.81430	-37200889037.22557	0.00000	156273158075.96268	
10200000.0000000000	-2421130320268833467343023435153408.0000000000		600128.75327	0.00000	-454907.92892	-39973404575.21564	0.00000	155942020428.84354	-39884829723.40183	0.00000	155596815050.04089	
10300000.0000000000	-2421132357794830519830107020853248.0000000000		608424.29625	0.00000	-452600.39784	-42749796451.51270	0.00000	155206372668.04102	-42563587155.01049	0.00000	154900309030.80438	
10400000.0000000000	-2421136370658247024991856706453504.0000000000		616679.19009	0.00000	-450145.28418	-45512393067.36658	0.00000	154421031249.12750	-45244448685.30438	0.00000	154180118624.31583	
10500000.0000000000	-2421142063073116455180879314026496.0000000000		624890.81085	0.00000	-447543.34098	-48260234405.99589	0.00000	153586321075.49106	-47933105076.92995	0.00000	153430663558.23071	
10600000.0000000000	-2421149045759188181547934493442048.0000000000		633056.54861	0.00000	-444795.36782	-50992390616.70712	0.00000	152702600576.70068	-50633215682.56407	0.00000	152644945967.89432	
10700000.0000000000	-2421156881064276415520442954022912.0000000000		641173.80825	0.00000	-441902.21067	-53707964680.38033	0.00000	151770253441.02484	-53346217776.52248	0.00000	151815203805.95697	
10800000.0000000000	-2421165110649158214207754425335808.0000000000		649240.01032	0.00000	-438864.76151	-56406092920.31485	0.00000	150789681173.96948	-56071307936.19982	0.00000	150933497854.29935	
10900000.0000000000	-2421173265755944345659532709462016.0000000000		657252.59180	0.00000	-435683.95812	-59085944362.23006	0.00000	149761296612.21997	-58805515262.38029	0.00000	149992222022.86353	
11000000.0000000000	-2421180868856092381206141009395712.0000000000		665209.00697	0.00000	-432360.78369	-61746719508.59196	0.00000	148685517911.09442	-61543821268.46411	0.00000	148984575457.24405	
11100000.0000000000	-2421187439770346932055716260741120.0000000000		673106.72818	0.00000	-428896.26659	-64387648409.42205	0.00000	147562762382.45465	-64279335838.22697	0.00000	147905046247.83676	
11200000.0000000000	-2421192518769873377500993960280064.0000000000		680943.24664	0.00000	-425291.47996	-67007987300.66419	0.00000	146393439927.20825	-67003587475.23492	0.00000	146749927185.69138	
11300000.0000000000	-2421195712720689878745483799691264.0000000000		688716.07326	0.00000	-421547.54141	-69607012850.89824	0.00000	145177946576.67291	-69707004466.82689	0.00000	145517822465.25934	
11400000.0000000000	-2421196757828636249927866950615040.0000000000		696422.73939	0.00000	-417665.61264	-72184013470.46812	0.00000	143916659525.30765	-72379630566.00194	0.00000	144210034853.70056	
11500000.0000000000	-2421195578689247853625522501189632.0000000000		704060.79762	0.00000	-413646.89907	-74738278211.51399	0.00000	142609935476.79477	-75012032951.96771	0.00000	142830687727.45404	
11600000.0000000000	-2421192318333752972655157875572736.0000000000		711627.82254	0.00000	-409492.64947	-77269085059.33223	0.00000	141258113646.60504	-77596258608.88609	0.00000	141386474641.86151	
11700000.0000000000	-2421187324992624282119070747197440.0000000000		719121.41150	0.00000	-405204.15553	-79775691071.07993	0.00000	139861523410.79514	-80126642887.87141	0.00000	139886037247.35663	
11800000.0000000000	-2421181102209551941703923052576768.0000000000		726539.18539	0.00000	-400782.75144	-82257326337.10670	0.00000	138420495119.85461	-82600312434.98347	0.00000	138339089910.79230	
11900000.0000000000	-2421174243626342130418430970429440.0000000000		733878.78935	0.00000	-396229.81349	-84713192444.81377	0.00000	136935371911.42245	-85017328171.08458	0.00000	136755464145.32837	
12000000.0000000000	-2421167372393749403712374219735040.0000000000		741137.89354	0.00000	-391546.75959	-87142464908.67905	0.00000	135406520705.12000	-87380511185.29575	0.00000	135144218039.32858	
12100000.0000000000	-2421161092762854995015914944987136.0000000000		748314.19385	0.00000	-386735.04883	-89544298538.80431	0.00000	133834341414.79167	-89695033648.70386	0.00000	133512887792.74536	
12200000.0000000000	-2421155950005197624570844188508160.0000000000		755405.41268	0.00000	-381796.18100	-91917834901.73592	0.00000	132219274054.95135	-91967842350.93439	0.00000	131866907203.77200	
12300000.0000000000	-2421152392145219955993359302000640.0000000000		762409.29957	0.00000	-376731.69614	-94262211372.54413	0.00000	130561803538.92860	-94206954870.39389	0.00000	130209211292.68236	
12400000.0000000000	-2421150732829352982342997379121152.0000000000		769323.63198	0.00000	-371543.17399	-96576571321.81509	0.00000	128862461765.04070	-96420664816.56908	0.00000	128540056311.49239	
12500000.0000000000	-2421151122979203591183612763963392.0000000000		776146.21598	0.00000	-366232.23356	-98860074633.60411	0.00000	127121826509.91403	-98616720359.82037	0.00000	126857094547.99554	
12600000.0000000000	-2421153542088666635140353096679424.0000000000		782874.88691	0.00000	-360800.53254	-101111907320.18428	0.00000	125340517013.55035	-100801574646.31656	0.00000	125155713127.63774	
12700000.0000000000	-2421157814342874947408554914480128.0000000000		789507.51008	0.00000	-355249.76682	-103331288940.31783	0.00000	123519186868.74582	-102979811428.27008	0.00000	123429587850.75714	
12800000.0000000000	-2421163643787439479952966860931072.0000000000		796041.98146	0.00000	-349581.66995	-105517477043.41322	0.00000	121658515476.63249	-105153808048.87570	0.00000	121671351242.50677	
12900000.0000000000	-2421170654738186054506338932752384.0000000000		802476.22826	0.00000	-343798.01256	-107669768706.42467	0.00000	119759199462.84955	-107323630450.52858	0.00000	119873263397.58827	
13000000.0000000000	-2421178423811407313078492900360192.0000000000		808808.20968	0.00000	-337900.60179	-109787499913.36168	0.00000	117821944994.78218	-109487100302.14224	0.00000	118027810492.78413	
13100000.0000000000	-2421186497069164497683692161859584.0000000000		815035.91749	0.00000	-331891.28074	-111870043704.35095	0.00000	115847461209.46974	-111639960189.36429	0.00000	116128214240.88455	
13200000.0000000000	-2421194394965395645001814715138048.0000000000		821157.37664	0.00000	-325771.92786	-113916807682.29764	0.00000	113836454366.79034	-113776089883.70035	0.00000	114168883102.10065	
13300000.0000000000	-2421201615214394089672977592352768.0000000000		827170.64594	0.00000	-319544.45636	-115927230839.59865	0.00000	111789622157.92055	-115887776685.77718	0.00000	112145850816.87665	
13400000.0000000000	-2421207647456120459152981588180992.0000000000		833073.81864	0.00000	-313210.81357	-117900779063.26987	0.00000	109707647913.85489	-117966091097.99394	0.00000	110057222666.47105	
13500000.0000000000	-2421212011709619269368955952693248.0000000000		838865.02302	0.00000	-306772.98039	-119836938417.98347	0.00000	107591195202.04466	-120001439759.90347	0.00000	107903590470.93953	
13600000.0000000000	-2421214322662769449483148533432320.0000000000		844542.42299	0.00000	-300232.97058	-121735205692.07758	0.00000	105440904192.01382	-121984336767.48169	0.00000	105688305989.08481	
13700000.0000000000	-2421214364875005298062293720891392.0000000000		850104.21867	0.00000	-293592.83017	-123595076807.66389	0.00000	103257391670.48756	-123906345322.46811	0.00000	103417462451.45958	
13800000.0000000000	-2421212149446082059473324597051392.0000000000		855548.64694	0.00000	-286854.63682	-125416035114.45859	0.00000	101041256097.17430	-125761028322.92427	0.00000	101099473057.04242	
13900000.0000000000	-2421207924693976901484284557131776.0000000000		860873.98201	0.00000	-280020.49912	-127197542377.73975	0.00000	98793087534.15466	-127544683333.20445	0.00000	98744259767.60544	
14000000.0000000000	-2421202135196132096693462139666432.0000000000		866078.53595	0.00000	-273092.55597	-128939034687.47336	0.00000	96513480475.73869	-129256683996.48698	0.00000	96362210053.46985	
14100000.0000000000	-2421195349223342761255641485934592.0000000000		871160.65918	0.00000	-266072.97585	-130639923819.10828	0.00000	94203046743.12190	-130899385519.46742	0.00000	93963128174.09291	
14200000.0000000000	-2421188183950605271546651052343296.0000000000		876118.74106	0.00000	-258963.95617	-132299602911.41789	0.00000	91862426152.46249	-132477684907.10909	0.00000	91555364098.86960	
14300000.0000000000	-2421181247455881682023114082353152.0000000000		880951.21031	0.00000	-251767.72255	-133917454651.45302	0.00000	89492293977.18726	-133998380577.77550	0.00000	89145198333.09515	
14400000.0000000000	-2421175099461460268780042152050688.0000000000		885656.53557	0.00000	-244486.52812	-135492860492.76297	0.00000	87093365307.50880	-135469449123.10452	0.00000	86736474445.38477	
14500000.0000000000	-2421170222382987726615851967709184.0000000000		890233.22582	0.00000	-237122.65281	-137025210131.93646	0.00000	84666396766.21133	-136899301121.89305	0.00000	84330442636.03891	
14600000.0000000000	-2421166994490013402871692871598080.0000000000		894679.83090	0.00000	-229678.40260	-138513910904.05917	0.00000	82212185837.31270	-138296043106.68091	0.00000	81925793852.86528	
14700000.0000000000	-2421165664110566787914275357720576.0000000000		898994.94194	0.00000	-222156.10884	-139958396721.13214	0.00000	79731567778.99049	-139666775697.74402	0.00000	79518886741.40149	
14800000.0000000000	-2421166331205020760399662238662656.0000000000		903177.19180	0.00000	-214558.12747	-141358135871.51279	0.00000	77225410112.91864	-141016982369.07288	0.00000	77104168050.42920	
14900000.0000000000	-2421168944521757277897744648765440.0000000000		907225.25552	0.00000	-206886.83831	-142712636815.40799	0.00000	74694605080.01738	-142350077942.39828	0.00000	74674755320.59619	
15000000.0000000000	-2421173317291809420442936662818816.0000000000		911137.85070	0.00000	-199144.64427	-144021451334.55084	0.00000	72140060962.67902	-143667168089.47882	0.00000	72223109929.93884	
15100000.0000000000	-2421179155878326961417165035536384.0000000000		914913.73792	0.00000	-191333.97066	-145284174976.89719	0.00000	69562693408.16492	-144967024574.82401	0.00000	69741709828.05045	
15200000.0000000000	-2421186090289080944220320416399360.0000000000		918551.72113	0.00000	-183457.26432	-146500445339.46329	0.00000	66963417650.21642	-146246232855.50201	0.00000	67223650286.72501	
15300000.0000000000	-2421193696546549772301834978852864.0000000000		922050.64798	0.00000	-175516.99296	-147669938994.98019	0.00000	64343141956.43256	-147499447679.31503	0.00000	64663146506.14737	
15400000.0000000000	-2421201507395745129104793210454016.0000000000		925409.41023	0.00000	-167515.64427	-148792367665.25952	0.00000	61702762072.29031	-148719708523.98795	0.00000	62055956400.98735	
15500000.0000000000	-2421209016163889668903567836053504.0000000000		928626.94408	0.00000	-159455.72523	-149867473716.98645	0.00000	59043156199.92860	-149898808837.17850	0.00000	59399760491.26643	
15600000.0000000000	-2421215685589029595172339676348416.0000000000		931702.23047	0.00000	-151339.76125	-150895024492.85516	0.00000	56365180287.79244	-151027757997.30899	0.00000	56694516808.37823	
15700000.0000000000	-2421220976259776604020698129629184.0000000000		934634.29544	0.00000	-143170.29539	-151874804727.90976	0.00000	53669664078.24065	-152097395924.59662	0.00000	53942755109.22312	
15800000.0000000000	-2421224404262583017591909547769856.0000000000		937422.21043	0.00000	-134949.88756	-152806606652.87637	0.00000	50957409206.53329	-153099192142.32208	0.00000	51149707064.16866	
15900000.0000000000	-2421225622229856049555074132738048.0000000000		940065.09254	0.00000	-126681.11375	-153690218474.95071	0.00000	48229191135.83100	-154026174094.16745	0.00000	48323129827.95551	
16000000.0000000000	-2421224497528521791434333821599744.0000000000		942562.10486	0.00000	-118366.56513	-154525413369.19525	0.00000	45485766212.93854	-154873814248.40643	0.00000	45472720337.52512	
16100000.0000000000	-2421221151711361663488257930821632.0000000000		944912.45667	0.00000	-110008.84734	-155311941945.50070	0.00000	42727883467.49134	-155640639064.24719	0.00000	42609150474.32439	
16200000.0000000000	-2421215940252083746349559446503424.0000000000		947115.40375	0.00000	-101610.57960	-156049530478.51273	0.00000	39956298774.17724	-156328377047.94528	0.00000	39742913280.00528	
16300000.0000000000	-2421209383143701907584154031095808.0000000000		949170.24854	0.00000	-93174.39390	-156737885179.20422	0.00000	37171788043.28012	-156941623643.66397	0.00000	36883246670.44591	
16400000.0000000000	-2421202079366839796682619659223040.0000000000		951076.34042	0.00000	-84702.93418	-157376700774.90024	0.00000	34375156861.05279	-157487161467.71204	0.00000	34037340679.06956	
16500000.0000000000	-2421194635697968751416204324765696.0000000000		952833.07587	0.00000	-76198.85549	-157965670896.11813	0.00000	31567245746.75658	-157973135797.26498	0.00000	31209894814.79520	
16600000.0000000000	-2421187621322006814135222116810752.0000000000		954439.89866	0.00000	-67664.82315	-158504498332.40521	0.00000	28748931644.80782	-158408240166.70691	0.00000	28402976140.46426	
16700000.0000000000	-2421181542276647690286756322607104.0000000000		955896.30003	0.00000	-59103.51193	-158992904291.72629	0.00000	25921126750.84778	-158800981228.28799	0.00000	25616090296.16414	
16800000.0000000000	-2421176823478171529327343822700544.0000000000		957201.81887	0.00000	-50517.60515	-159430636563.58862	0.00000	23084775466.74982	-159159030844.80389	0.00000	22846401963.99149	
16900000.0000000000	-2421173789830500659645112106614784.0000000000		958356.04183	0.00000	-41909.79389	-159817476652.08621	0.00000	20240849759.74090	-159488660108.83676	0.00000	20089082801.55993	
17000000.0000000000	-2421172646042961044583283993608192.0000000000		959358.60346	0.00000	-33282.77613	-160153245682.93707	0.00000	17390342930.78182	-159794270920.60742	0.00000	17337786441.11251	
17100000.0000000000	-2421173461451695398341287664943104.0000000000		960209.18636	0.00000	-24639.25589	-160437808573.76663	0.00000	14534261938.48242	-160078065911.32233	0.00000	14585238867.93821	
17200000.0000000000	-2421176167272995451327864039800832.0000000000		960907.52124	0.00000	-15981.94238	-160671075920.82996	0.00000	11673618827.52073	-160339900386.74628	0.00000	11823900310.82286	
17300000.0000000000	-2421180568788401069833444952899584.0000000000		961453.38702	0.00000	-7313.54916	-160853003393.45386	0.00000	8809422142.47468	-160577332961.57877	0.00000	9046628252.38876	
17400000.0000000000	-2421186367654801281328917294088192.0000000000		961846.61090	0.00000	1363.20671	-160983588942.39105	0.00000	5942669191.05675	-160785850424.42474	0.00000	6247272520.08225	
17500000.0000000000	-2421193185166745852555732740734976.0000000000		962087.06839	0.00000	10045.60555	-161062868481.05499	0.00000	3074339637.89113	-160959214195.39633	0.00000	3421164013.05393	
17600000.0000000000	-2421200578801255685798957460488192.0000000000		962174.68338	0.00000	18730.92590	-161090910663.93036	0.00000	205390409.45011	-161089878513.84384	0.00000	565498618.58198	
17700000.0000000000	-2421208050813091290482769934680064.0000000000		962109.42814	0.00000	27416.44536	-161067810997.76779	0.00000	-2663248400.58677	-161169461550.93982	0.00000	-2320358842.84023	
17800000.0000000000	-2421215055916069825644239102410752.0000000000		961891.32331	0.00000	36099.44149	-160993685027.63257	0.00000	-5530676808.56374	-161189290071.43045	0.00000	-5234636005.01146	
17900000.0000000000	-2421221021560762950417881203998720.0000000000		961520.43795	0.00000	44777.19262	-160868660083.30115	0.00000	-8396027033.46447	-161141058761.52893	0.00000	-8173008997.69170	
18000000.0000000000	-2421225394639341499281883896217600.0000000000		960996.88945	0.00000	53446.97876	-160692865371.97171	0.00000	-11258463302.24097	-161017621320.84232	0.00000	-11128641228.15925	
18100000.0000000000	-2421227718007653979469741754941440.0000000000		960320.84356	0.00000	62106.08242	-160466421189.87997	0.00000	-14117177843.37933	-160813851570.50635	0.00000	-14092526693.49634	
18200000.0000000000	-2421227719429092055421027998498816.0000000000		959492.51430	0.00000	70751.78948	-160189429359.07083	0.00000	-16971382047.98347	-160527406259.99771	0.00000	-17054219368.74606	
18300000.0000000000	-2421225376848646078721023325241344.0000000000		958512.16391	0.00000	79381.39003	-159861967758.57227	0.00000	-19820293415.75652	-160159160287.88046	0.00000	-20002899337.13753	
18400000.0000000000	-2421220926663933697960740189634560.0000000000		957380.10279	0.00000	87992.17924	-159484091074.44235	0.00000	-22663120914.05018	-159713144569.14499	0.00000	-22928565670.86936	
18500000.0000000000	-2421214810357312825404495377727488.0000000000		956096.68933	0.00000	96581.45820	-159055837734.85706	0.00000	-25499052318.87481	-159195989250.52228	0.00000	-25823070910.39870	
18600000.0000000000	-2421207587365369717855191537025024.0000000000		954662.32991	0.00000	105146.53477	-158577240807.64227	0.00000	-28327246180.84078	-158616049878.63779	0.00000	-28680785972.17339	
18700000.0000000000	-2421199851953413962777441511407616.0000000000		953077.47864	0.00000	113684.72441	-158048339856.06598	0.00000	-31146829000.05679	-157982456587.76352	0.00000	-31498848822.21389	
18800000.0000000000	-2421192176813516231890449685544960.0000000000		951342.63734	0.00000	122193.35107	-157469191537.98450	0.00000	-33956896487.21658	-157304263309.48383	0.00000	-34277086620.36384	
18900000.0000000000	-2421185084237137122291396598824960.0000000000		949458.35529	0.00000	130669.74800	-156839878130.62592	0.00000	-36756517267.56686	-156589762362.13553	0.00000	-37017742624.38049	
19000000.0000000000	-2421179032687299423344487294828544.0000000000		947425.22910	0.00000	139111.25858	-156160514179.22192	0.00000	-39544737835.46903	-155845948590.91849	0.00000	-39725103100.88791	
19100000.0000000000	-2421174405417577383034801767841792.0000000000		945243.90252	0.00000	147515.23720	-155431251746.81046	0.00000	-42320588312.26245	-155078094916.88522	0.00000	-42405059962.22736	
19200000.0000000000	-2421171494051903291285190136037376.0000000000		942915.06624	0.00000	155879.05007	-154652284467.41962	0.00000	-45083089058.91463	-154289423124.88727	0.00000	-45064604996.72729	
19300000.0000000000	-2421170478371375875884845038043136.0000000000		940439.45769	0.00000	164200.07605	-153823850162.37189	0.00000	-47831258238.45375	-153480889069.61746	0.00000	-47711248087.49422	
19400000.0000000000	-2421171409510784760898302018322432.0000000000		937817.86079	0.00000	172475.70748	-152946231527.26459	0.00000	-50564120095.03174	-152651121627.67200	0.00000	-50352378040.63297	
19500000.0000000000	-2421174204312077958373634121662464.0000000000		935051.10572	0.00000	180703.35100	-152019754521.31778	0.00000	-53280713296.09708	-151796544809.74515	0.00000	-52994618238.55856	
19600000.0000000000	-2421178653590059657395550260559872.0000000000		932140.06866	0.00000	188880.42837	-151044784518.70386	0.00000	-55980098489.42323	-150911678263.91766	0.00000	-55643244899.26008	
19700000.0000000000	-2421184440109446182493915745091584.0000000000		929085.67153	0.00000	197004.37726	-150021720725.63675	0.00000	-58661364408.81116	-149989575922.35669	0.00000	-58301721177.38584	
19800000.0000000000	-2421191158194708121850939361460224.0000000000		925888.88166	0.00000	205072.65210	-148950989528.47211	0.00000	-61323632293.10068	-149022349651.90729	0.00000	-60971365919.49295	
19900000.0000000000	-2421198328896798549034053463441408.0000000000		922550.71153	0.00000	213082.72485	-147833037227.08600	0.00000	-63966058749.97242	-148001741633.26572	0.00000	-63651146570.30207	
20000000.0000000000	-2421205411551950305490338515517440.0000000000		919072.21841	0.00000	221032.08578	-146668322203.50104	0.00000	-66587837223.46156	-146919741499.23068	0.00000	-66337583528.47881	
20100000.0000000000	-2421211820832417176078672419880960.0000000000		915454.50408	0.00000	228918.24433	-145457306315.49503	0.00000	-69188197847.13062	-145769265052.10284	0.00000	-69024783364.43878	
20200000.0000000000	-2421216963156643506699588213932032.0000000000		911698.71443	0.00000	236738.72983	-144200445514.86749	0.00000	-71766404888.70363	-144544894597.60736	0.00000	-71704664341.09740	
20300000.0000000000	-2421220302051001432272886682353664.0000000000		907806.03916	0.00000	244491.09231	-142898180497.37167	0.00000	-74321750671.88472	-143243616413.75830	0.00000	-74367463248.51263	
20400000.0000000000	-2421221445668575053282564200464384.0000000000		903777.71136	0.00000	252172.90330	-141550929299.23032	0.00000	-76853545342.19923	-141865402337.02740	0.00000	-77002574119.98692	
20500000.0000000000	-2421220227800685584398766735097856.0000000000		899615.00717	0.00000	259781.75654	-140159084356.19293	0.00000	-79361103323.64731	-140413434414.43744	0.00000	-79599651150.03145	
20600000.0000000000	-2421216744676981619039068554788864.0000000000		895319.24536	0.00000	267315.26881	-138723015772.87347	0.00000	-81843729132.83563	-138893832951.52597	0.00000	-82149762732.24591	
20700000.0000000000	-2421211327911844046397766253936640.0000000000		890891.78693	0.00000	274771.08062	-137243080443.29703	0.00000	-84300706038.18773	-137314916631.95917	0.00000	-84646317952.40823	
20800000.0000000000	-2421204468424868002792627530366976.0000000000		886334.03467	0.00000	282146.85698	-135719634507.49777	0.00000	-86731290042.63060	-135686195675.77586	0.00000	-87085567518.90384	
20900000.0000000000	-2421196728361555641465848754864128.0000000000		881647.43274	0.00000	289440.28814	-134153045898.51625	0.00000	-89134709486.47845	-134017357385.88541	0.00000	-89466655435.30690	
21000000.0000000000	-2421188672932583809860334923022336.0000000000		876833.46620	0.00000	296649.09031	-132543704675.75987	0.00000	-91510168749.13150	-132317428205.33142	0.00000	-91791342986.22835	
21100000.0000000000	-2421180832878745637306758162546688.0000000000		871893.66053	0.00000	303771.00641	-130892030452.65906	0.00000	-93856854015.33470	-130594167609.11505	0.00000	-94063567578.04861	
21200000.0000000000	-2421173689887995182006693905039360.0000000000		866829.58121	0.00000	310803.80674	-129198477404.87059	0.00000	-96173939656.70685	-128853654999.02663	0.00000	-96288952227.25331	
21300000.0000000000	-2421167670277304999814069670117376.0000000000		861642.83316	0.00000	317745.28972	-127463537678.83389	0.00000	-98460594706.02512	-127100004109.19048	0.00000	-98474307430.39485	
21400000.0000000000	-2421163134752562031965978383876096.0000000000		856335.06027	0.00000	324593.28260	-125687743707.18539	0.00000	-100715989567.60300	-125335164453.98576	0.00000	-100627113942.16035	
21500000.0000000000	-2421160359356337980191225902268416.0000000000		850907.94491	0.00000	331345.64211	-123871669384.27588	0.00000	-102939303276.34474	-123558813548.12619	0.00000	-102754961463.79611	
21600000.0000000000	-2421159510855930345378546486083584.0000000000		845363.20736	0.00000	338000.25518	-122015929631.96886	0.00000	-105129731338.73633	-121768377426.69823	0.00000	-104864940565.07484	
21700000.0000000000	-2421160625340603997104775742095360.0000000000		839702.60533	0.00000	344555.03959	-120121177831.33902	0.00000	-107286493692.96417	-119959221350.15735	0.00000	-106963024805.10127	
21800000.0000000000	-2421163598851329154873006414102528.0000000000		833927.93333	0.00000	351007.94466	-118188100941.11009	0.00000	-109408841937.08017	-118125024997.84703	0.00000	-109053511049.53580	
21900000.0000000000	-2421168193324146219901977217728512.0000000000		828041.02222	0.00000	357356.95184	-116217412656.83554	0.00000	-111496064950.51465	-116258313859.42123	0.00000	-111138587877.09798	
22000000.0000000000	-2421174053795360962326639939682304.0000000000		822043.73852	0.00000	363600.07541	-114209845345.49127	0.00000	-113547492385.32677	-114351088127.07751	0.00000	-113218073922.54401	
22100000.0000000000	-2421180729088748272673646106902528.0000000000		815937.98391	0.00000	369735.36307	-112166141494.40704	0.00000	-115562495967.87389	-112395490060.76059	0.00000	-115289330908.18172	
22200000.0000000000	-2421187690906679340705601418166272.0000000000		809725.69458	0.00000	375760.89659	-110087045109.69203	0.00000	-117540488790.14577	-110384475077.59099	0.00000	-117347337052.25285	
22300000.0000000000	-2421194353775129882462885458739200.0000000000		803408.84066	0.00000	381674.79240	-107973293200.90775	0.00000	-119480922621.89156	-108312475662.35843	0.00000	-119384918371.14925	
22400000.0000000000	-2421200105827879028175614804754432.0000000000		796989.42556	0.00000	387475.20219	-105825607542.49397	0.00000	-121383282883.30681	-106176042898.85457	0.00000	-121393166653.78488	
22500000.0000000000	-2421204361844849884405267735511040.0000000000		790469.48538	0.00000	393160.31352	-103644687453.74762	0.00000	-123247080687.25548	-103974406365.74699	0.00000	-123362091317.02588	
22600000.0000000000	-2421206640336608505676641041645568.0000000000		783851.08823	0.00000	398728.35037	-101431205144.98869	0.00000	-125071841759.95216	-101709828742.78658	0.00000	-125281520385.73166	
22700000.0000000000	-2421206647300516683144294834372608.0000000000		777136.33363	0.00000	404177.57377	-99185805574.27243	0.00000	-126857093248.46541	-99387599762.87689	0.00000	-127142169999.67206	
22800000.0000000000	-2421204333460214418355736870387712.0000000000		770327.35184	0.00000	409506.28227	-96909112030.67062	0.00000	-128602350893.56192	-97015572332.55139	0.00000	-128936684384.51282	
22900000.0000000000	-2421199896642468197399714540290048.0000000000		763426.30316	0.00000	414712.81255	-94601736797.80832	0.00000	-130307109670.05060	-94603292446.17543	0.00000	-130660398404.90294	
23000000.0000000000	-2421193728264679642549602117222400.0000000000		756435.37730	0.00000	419795.53993	-92264294329.67189	0.00000	-131970840009.07063	-92160928070.52348	0.00000	-132311653752.80989	
23100000.0000000000	-2421186331481527056936646872137728.0000000000		749356.79266	0.00000	424752.87887	-89897413738.57684	0.00000	-133592989628.59155	-89698252696.05557	0.00000	-133891666685.85503	
23200000.0000000000	-2421178245850056829730655391711232.0000000000		742192.79564	0.00000	429583.28352	-87501748373.39062	0.00000	-135172989222.64906	-87223861103.05051	0.00000	-135404087120.95146	
23300000.0000000000	-2421169998931703779627585964605440.0000000000		734945.65994	0.00000	434285.24815	-85077981943.34792	0.00000	-136710259772.21973	-84744660882.95857	0.00000	-136854427847.26021	
23400000.0000000000	-2421162085268940456569385001156608.0000000000		727617.68583	0.00000	438857.30770	-82626831894.34636	0.00000	-138204219898.50330	-82265583256.54060	0.00000	-138249490049.38077	
23500000.0000000000	-2421154960773032230768813105217536.0000000000		720211.19943	0.00000	443298.03818	-80149051104.59000	0.00000	-139654292717.90808	-79789427964.35223	0.00000	-139596828341.21259	
23600000.0000000000	-2421149038078099705762444656771072.0000000000		712728.55197	0.00000	447606.05721	-77645428620.58006	0.00000	-141059912433.72955	-77316784635.68492	0.00000	-140904236522.12531	
23700000.0000000000	-2421144672612013109002833619845120.0000000000		705172.11908	0.00000	451780.02440	-75116789519.14120	0.00000	-142420531152.78680	-74846023797.51758	0.00000	-142179215023.27020	
23800000.0000000000	-2421142136718144766141514626629632.0000000000		697544.30000	0.00000	455818.64182	-72563993431.29324	0.00000	-143735626169.94745	-72373394615.19351	0.00000	-143428400610.87903	
23900000.0000000000	-2421141587455339082673032878096384.0000000000		689847.51686	0.00000	459720.65439	-69987931065.79596	0.00000	-145004707408.82928	-69893282269.24706	0.00000	-144656983230.62460	
24000000.0000000000	-2421143039282499651791940833247232.0000000000		682084.21390	0.00000	463484.85035	-67389518338.61689	0.00000	-146227324150.91992	-67398656421.89817	0.00000	-145868179311.71472	
24100000.0000000000	-2421146352261538725358735676407808.0000000000		674256.85671	0.00000	467110.06157	-64769688329.23651	0.00000	-147403069960.58203	-64881693113.00780	0.00000	-147062848818.37433	
24200000.0000000000	-2421151239484707090060629831057408.0000000000		666367.93145	0.00000	470595.16396	-62129381898.64133	0.00000	-148531584977.64819	-62334503374.50752	0.00000	-148239322234.51315	
24300000.0000000000	-2421157288873560890470548623065088.0000000000		658419.94407	0.00000	473939.07786	-59469538055.77272	0.00000	-149612555333.48895	-59749881730.33558	0.00000	-149393457000.26920	
24400000.0000000000	-2421163990698965053868637014720512.0000000000		650415.41951	0.00000	477140.76833	-56791084959.02650	0.00000	-150645709957.54858	-57122003751.65610	0.00000	-150518902085.97427	
24500000.0000000000	-2421170765793800778069175173120000.0000000000		642356.90092	0.00000	480199.24555	-54094932046.27433	0.00000	-151630815176.84378	-54447033255.78135	0.00000	-151607538560.99496	
24600000.0000000000	-2421176997420936862627207537754112.0000000000		634246.94880	0.00000	483113.56509	-51381963595.00526	0.00000	-152567667302.62860	-51723615072.51019	0.00000	-152650080651.12555	
24700000.0000000000	-2421182075650433376213847479681024.0000000000		626088.14028	0.00000	485882.82822	-48653034239.58327	0.00000	-153456083194.24057	-48953211292.07130	0.00000	-153636838082.11804	
24800000.0000000000	-2421185460618437970455727301459968.0000000000		617883.06821	0.00000	488506.18225	-45908967455.10832	0.00000	-154295889016.35999	-46140200352.89920	0.00000	-154558622418.22678	
24900000.0000000000	-2421186758209101942132385328922624.0000000000		609634.34042	0.00000	490982.82077	-43150558238.29374	0.00000	-155086908228.73950	-43291640667.36889	0.00000	-155407714349.17270	
25000000.0000000000	-2421185785321568642523030928490496.0000000000		601344.57884	0.00000	493311.98396	-40378580612.16531	0.00000	-155828950885.45383	-40416648703.86000	0.00000	-156178725935.72128	
25100000.0000000000	-2421182596469064709522267723268096.0000000000		593016.41870	0.00000	495492.95877	-37593799109.74709	0.00000	-156521806726.03976	-37525459022.51937	0.00000	-156869159442.50711	
25200000.0000000000	-2421177458451451855607355116879872.0000000000		584652.50770	0.00000	497525.07924	-34796981849.17911	0.00000	-157165243675.45480	-34628357024.84698	0.00000	-157479533549.55832	
25300000.0000000000	-2421170786118194255333318532792320.0000000000		576255.50515	0.00000	499407.72665	-31988912304.79562	0.00000	-157759011563.25891	-31734715763.25809	0.00000	-158013092094.50610	
25400000.0000000000	-2421163068876055440244573906927616.0000000000		567828.08117	0.00000	501140.32977	-29170397773.58086	0.00000	-158302849276.46048	-28852296660.46124	0.00000	-158475238031.53809	
25500000.0000000000	-2421154813899094091128144876535808.0000000000		559372.91578	0.00000	502722.36501	-26342274122.43171	0.00000	-158796493099.71146	-25986847271.57098	0.00000	-158872872114.05276	
25600000.0000000000	-2421146515716050309884605697622016.0000000000		550892.69811	0.00000	504153.35664	-23505407640.81796	0.00000	-159239684641.84644	-23141930217.29354	0.00000	-159213764244.48969	
25700000.0000000000	-2421138646572819390406176955957248.0000000000		542390.12552	0.00000	505432.87689	-20660695203.25290	0.00000	-159632177812.29541	-20318887071.96884	0.00000	-159506000368.36795	
25800000.0000000000	-2421131654458246103702438844301312.0000000000		533867.90274	0.00000	506560.54614	-17809063596.54938	0.00000	-159973745143.98157	-17516868911.74705	0.00000	-159757481215.79660	
25900000.0000000000	-2421125955483109773573133390839808.0000000000		525328.74100	0.00000	507536.03305	-14951468187.88528	0.00000	-160264184070.41489	-14732919476.21060	0.00000	-159975424325.47974	
26000000.0000000000	-2421121912088850034058279830683648.0000000000		516775.35721	0.00000	508359.05466	-12088890475.28704	0.00000	-160503323549.48380	-11962147584.37642	0.00000	-160165837974.60480	
26100000.0000000000	-2421119796741733149210722739159040.0000000000		508210.47305	0.00000	509029.37648	-9222333754.83550	0.00000	-160691030835.03720	-9198049995.37191	0.00000	-160332982886.47247	
26200000.0000000000	-2421119750103866872313881095569408.0000000000		499636.81413	0.00000	509546.81263	-6352816337.56287	0.00000	-160827217507.50635	-6433030024.47259	0.00000	-160478892706.41431	
26300000.0000000000	-2421121748654722966424987319140352.0000000000		491057.10912	0.00000	509911.22585	-3481362430.73450	0.00000	-160911843465.66998	-3659102748.28363	0.00000	-160603056932.45358	
26400000.0000000000	-2421125594669677161464809171976192.0000000000		482474.08890	0.00000	510122.52760	-608991643.38534	0.00000	-160944917755.80026	-868710097.73792	0.00000	-160702356083.20865	
26500000.0000000000	-2421130931593091302070329446236160.0000000000		473890.48566	0.00000	510180.67805	2263291404.58158	0.00000	-160926495833.89322	1944472366.84165	0.00000	-160771281412.16455	
26600000.0000000000	-2421137277102515967959154366087168.0000000000		465309.03206	0.00000	510085.68613	5134505990.89735	0.00000	-160856673694.69586	4784847172.79113	0.00000	-160802404530.63788	
26700000.0000000000	-2421144062521956592035652689723392.0000000000		456732.46036	0.00000	509837.60955	8003701894.41237	0.00000	-160735579766.17178	7654390868.54369	0.00000	-160787025160.44742	
26800000.0000000000	-2421150672445681203752002627043328.0000000000		448163.50151	0.00000	509436.55472	10869963408.59663	0.00000	-160563365414.28333	10552356930.65603	0.00000	-160715929532.37894	
26900000.0000000000	-2421156487002274911172644067868672.0000000000		439604.88434	0.00000	508882.67682	13732410633.28634	0.00000	-160340194620.74591	13475196154.23572	0.00000	-160580214488.81592	
27000000.0000000000	-2421160933303552788801738743218176.0000000000		431059.33462	0.00000	508176.17967	16590197716.76077	0.00000	-160066233334.85629	16416720705.69802	0.00000	-160372137254.51566	
27100000.0000000000	-2421163547503921205693389970866176.0000000000		422529.57423	0.00000	507317.31576	19442507578.65712	0.00000	-159741639388.62454	19368549329.58216	0.00000	-160085919813.56784	
27200000.0000000000	-2421164036500726026325941741944832.0000000000		414018.32031	0.00000	506306.38611	22288543024.07276	0.00000	-159366554476.40994	22320840855.63065	0.00000	-159718387921.30829	
27300000.0000000000	-2421162318140919532386640975626240.0000000000		405528.28435	0.00000	505143.74023	25127515160.40585	0.00000	-158941099932.77261	25263243162.10203	0.00000	-159269306197.86990	
27400000.0000000000	-2421158521893509960784113265803264.0000000000		397062.17133	0.00000	503829.77602	27958631134.56610	0.00000	-158465377383.30237	28185896381.73618	0.00000	-158741323405.51413	
27500000.0000000000	-2421152949334517492728164390010880.0000000000		388622.67890	0.00000	502364.93962	30781083594.26753	0.00000	-157939473939.96136	31080298294.58734	0.00000	-158139554144.63901	
27600000.0000000000	-2421146012795931292792236078530560.0000000000		380212.49648	0.00000	500749.72531	33594043559.15372	0.00000	-157363470291.66919	33939897220.39755	0.00000	-157470928753.74313	
27700000.0000000000	-2421138176925267038441297372250112.0000000000		371834.30440	0.00000	498984.67535	36396657022.87656	0.00000	-156737449604.42575	36760386757.00546	0.00000	-156743478082.15729	
27800000.0000000000	-2421129919675027524469547086118912.0000000000		363490.77308	0.00000	497070.37978	39188044456.40079	0.00000	-156061505694.71918	39539768660.60017	0.00000	-155965675908.45163	
27900000.0000000000	-2421121715275319965381975353589760.0000000000		355184.56215	0.00000	495007.47631	41967301980.77029	0.00000	-155335749942.64386	42278282280.55753	0.00000	-155145881660.16418	
28000000.0000000000	-2421114030868140605676503649222656.0000000000		346918.31957	0.00000	492796.65004	44733503289.26893	0.00000	-154560317252.78485	44978274050.65029	0.00000	-154291858836.95123	
28100000.0000000000	-2421107323682244047509944738512896.0000000000		338694.68084	0.00000	490438.63332	47485702076.66421	0.00000	-153735371724.45087	47644026380.40712	0.00000	-153410316283.76669	
28200000.0000000000	-2421102026269690542145157011079168.0000000000		330516.26813	0.00000	487934.20548	50222935411.18610	0.00000	-152861112512.65009	50281511117.49059	0.00000	-152506433848.23120	
28300000.0000000000	-2421098512808114732187430575669248.0000000000		322385.68939	0.00000	485284.19263	52944228868.24651	0.00000	-151937779759.10773	52898002121.30170	0.00000	-151583382056.82715	
28400000.0000000000	-2421097049409468691185523574702080.0000000000		314305.53760	0.00000	482489.46738	55648604106.93235	0.00000	-150965659691.63608	55501492514.98618	0.00000	-150641907839.53409	
28500000.0000000000	-2421097742731617238669730869411840.0000000000		306278.38987	0.00000	479550.94857	58335088843.48395	0.00000	-149945087429.57941	58099920263.19895	0.00000	-149680103121.40909	
28600000.0000000000	-2421100506990469387916366521040896.0000000000		298306.80665	0.00000	476469.60102	61002728125.71329	0.00000	-148876446121.10608	60700289648.47901	0.00000	-148693466068.02112	
28700000.0000000000	-2421105063618036527430556715057152.0000000000		290393.33091	0.00000	473246.43520	63650595029.61045	0.00000	-147760161892.91418	63307838766.81999	0.00000	-147675296480.95013	
28800000.0000000000	-2421110972805247606051608989794304.0000000000		282540.48730	0.00000	469882.50690	66277798910.23923	0.00000	-146596695286.06754	65925402300.63568	0.00000	-146617371518.64368	
28900000.0000000000	-2421117683122756536582598385729536.0000000000		274750.78137	0.00000	466378.91696	68883490120.07767	0.00000	-145386530670.29108	68553056419.05419	0.00000	-145510782522.10849	
29000000.0000000000	-2421124583648720918033816608571392.0000000000		267026.69876	0.00000	462736.81083	71466861079.01160	0.00000	-144130165181.09509	71188055060.83218	0.00000	-144346809574.30554	
29100000.0000000000	-2421131051435987232752658536202240.0000000000		259370.70436	0.00000	458957.37831	74027144136.11768	0.00000	-142828098240.08163	73825022426.27983	0.00000	-143117749095.17395	
29200000.0000000000	-2421136496838782154226767249801216.0000000000		251785.24160	0.00000	455041.85309	76563606667.98499	0.00000	-141480822258.57489	76456366126.87379	0.00000	-141817646538.49280	
29300000.0000000000	-2421140412019372349228206077771776.0000000000		244272.73157	0.00000	450991.51243	79075543656.48486	0.00000	-140088815066.18195	79072891561.52385	0.00000	-140442890921.39630	
29400000.0000000000	-2421142421853009111871453885628416.0000000000		236835.57229	0.00000	446807.67671	81562268050.06857	0.00000	-138652534874.09064	81664593198.18332	0.00000	-138992606474.58768	
29500000.0000000000	-2421142326446126521085115313946624.0000000000		229476.13795	0.00000	442491.70905	84023099731.61754	0.00000	-137172418740.48058	84221556977.07576	0.00000	-137468764101.63824	
29600000.0000000000	-2421140119697614430746107359264768.0000000000		222196.77810	0.00000	438045.01488	86457354613.68617	0.00000	-135648885114.67674	86734852301.91383	0.00000	-135875966552.98094	
29700000.0000000000	-2421135974973261777707934836326400.0000000000		214999.81692	0.00000	433469.04149	88864335678.38173	0.00000	-134082340080.63251	89197268411.99780	0.00000	-134220937614.17657	
29800000.0000000000	-2421130203586438374935682443378688.0000000000		207887.55249	0.00000	428765.27758	91243327292.94037	0.00000	-132473185913.53096	91603788784.30423	0.00000	-132511826062.69576	
29900000.0000000000	-2421123203461361286076800811663360.0000000000		200862.25603	0.00000	423935.25276	93593593070.43265	0.00000	-130821830148.15176	93951782046.39572	0.00000	-130757468330.70465	
30000000.0000000000	-2421115416164962997978675049136128.0000000000		193926.17115	0.00000	418980.53712	95914376540.80348	0.00000	-129128693749.77081	96240968121.30560	0.00000	-128966722490.23820	
30100000.0000000000	-2421107301923183584720280021368832.0000000000		187081.51317	0.00000	413902.74070	98204903471.40775	0.00000	-127394217842.81360	98473252363.85480	0.00000	-127147917111.33556	
30200000.0000000000	-2421099331208593344826604332777472.0000000000		180330.46840	0.00000	408703.51295	100464384907.74658	0.00000	-125618869257.40010	100652501940.67104	0.00000	-125308394230.14197	
30300000.0000000000	-2421091983284858512970497342308352.0000000000		173675.19340	0.00000	403384.54227	102692020634.22845	0.00000	-123803145540.09723	102784288431.43425	0.00000	-123454094804.19093	
30400000.0000000000	-2421085738373485880553525387198464.0000000000		167117.81431	0.00000	397947.55541	104887003436.27138	0.00000	-121947579941.16853	104875566169.30939	0.00000	-121589145735.14769	
30500000.0000000000	-2421081051356277894889793241743360.0000000000		160660.42614	0.00000	392394.31697	107048524972.03738	0.00000	-120052746307.24492	106934221716.91299	0.00000	-119715454143.71405	
30600000.0000000000	-2421078302295315418032927693340672.0000000000		154305.09214	0.00000	386726.62883	109175783973.31450	0.00000	-118119262986.33609	108968436963.89444	0.00000	-117832380252.36855	
30700000.0000000000	-2421077732341839724585358790230016.0000000000		148053.84305	0.00000	380946.32956	111267996751.18698	0.00000	-116147794190.78827	110985867769.92949	0.00000	-115936613064.09572	
30800000.0000000000	-2421079387077749944306241693024256.0000000000		141908.67654	0.00000	375055.29385	113324408781.86392	0.00000	-114139047281.63284	112992735986.28899	0.00000	-114022371595.32127	
30900000.0000000000	-2421083092272274610976646974406656.0000000000		135871.55648	0.00000	369055.43195	115344305142.81419	0.00000	-112093765407.42731	114993013018.91232	0.00000	-112081976945.08943	
31000000.0000000000	-2421088473594786974790708235337728.0000000000		129944.41237	0.00000	362948.68900	117327017508.49306	0.00000	-110012716459.94963	116987877971.18234	0.00000	-110106718299.97533	
31100000.0000000000	-2421095010497283273059379636600832.0000000000		124129.13868	0.00000	356737.04444	119271926452.92226	0.00000	-107896680468.14090	118975550477.30333	0.00000	-108087843378.04643	
31200000.0000000000	-2421102101847233196991238549536768.0000000000		118427.59425	0.00000	350422.51140	121178459255.47701	0.00000	-105746437652.80026	120951482554.09470	0.00000	-106017495748.53413	
31300000.0000000000	-2421109124709308168345679978037248.0000000000		112841.60170	0.00000	344007.13602	123046084351.55409	0.00000	-103562758570.50288	122908818260.38004	0.00000	-103889484916.08105	
31400000.0000000000	-2421115480864739103101596553183232.0000000000		107372.94685	0.00000	337492.99679	124874303663.74649	0.00000	-101346396838.51193	124839022435.60074	0.00000	-101699849902.44705	
31500000.0000000000	-2421120636088666630998049507246080.0000000000		102023.37808	0.00000	330882.20393	126662643642.71201	0.00000	-99098084461.91156	126732612252.28979	0.00000	-99447214649.69635	
31600000.0000000000	-2421124158347154289633625936756736.0000000000		96794.60584	0.00000	324176.89868	128410645521.15616	0.00000	-96818529836.85951	128579951336.98936	0.00000	-97132929350.36038	
31700000.0000000000	-2421125754350545804821696163610624.0000000000		91688.30205	0.00000	317379.25263	130117855365.48027	0.00000	-94508418705.35045	130372059726.69305	0.00000	-94760975700.00482	
31800000.0000000000	-2421125295882336021608264915484672.0000000000		86706.09953	0.00000	310491.46702	131783814888.22513	0.00000	-92168418249.60254	132101362679.53316	0.00000	-92337621033.11403	
31900000.0000000000	-2421122825319667474832036978491392.0000000000		81849.59156	0.00000	303515.77207	133408054244.41269	0.00000	-89799183983.93411	133762280593.41179	0.00000	-89870848667.17903	
32000000.0000000000	-2421118536532877804690150283804672.0000000000		77120.33126	0.00000	296454.42621	134990087799.49986	0.00000	-87401368394.75415	135351581104.28365	0.00000	-87369648291.76993	
32100000.0000000000	-2421112738319552573552611777576960.0000000000		72519.83117	0.00000	289309.71542	136529413126.74831	0.00000	-84975629880.01347	136868472768.64030	0.00000	-84843282148.74219	
32200000.0000000000	-2421105814573124205863998547034112.0000000000		68049.56269	0.00000	282083.95245	138025512668.75119	0.00000	-82522640741.82858	138314485506.74060	0.00000	-82300626588.69365	
32300000.0000000000	-2421098194097991097824501248819200.0000000000		63710.95570	0.00000	274779.47613	139477857050.16437	0.00000	-80043093656.98141	139693218758.12463	0.00000	-79749634983.78177	
32400000.0000000000	-2421090335379489969828861994598400.0000000000		59505.39799	0.00000	267398.65054	140885909144.52472	0.00000	-77537706778.18146	141010029043.57361	0.00000	-77196909798.98851	
32500000.0000000000	-2421082722528307124267291500347392.0000000000		55434.23488	0.00000	259943.86435	142249128532.14963	0.00000	-75007228030.43961	142271685945.90936	0.00000	-74647338750.15851	
32600000.0000000000	-2421075861545512562071531952275456.0000000000		51498.76879	0.00000	252417.52996	143566976632.37012	0.00000	-72452439094.67686	143485973876.39053	0.00000	-72103755747.39430	
32700000.0000000000	-2421070262844490469112812910149632.0000000000		47700.25874	0.00000	244822.08278	144838923234.08868	0.00000	-69874159038.59377	144661181769.31616	0.00000	-69566629835.38559	
32800000.0000000000	-2421066398789966605841678070710272.0000000000		44039.92004	0.00000	237159.98045	146064455097.35831	0.00000	-67273246746.19260	145805426936.88101	0.00000	-67033849948.01286	
32900000.0000000000	-2421064636238295493921650937692160.0000000000		40518.92380	0.00000	229433.70203	147243086569.77365	0.00000	-64650600599.79103	146925817550.93100	0.00000	-64500729023.15867	
33000000.0000000000	-2421065161679577417396646351732736.0000000000		37138.39662	0.00000	221645.74721	148374370892.60922	0.00000	-62007153845.49498	148027559600.83249	0.00000	-61960352843.00579	
33100000.0000000000	-2421067929705803497130965302509568.0000000000		33899.42017	0.00000	213798.63552	149457909727.19498	0.00000	-59343865117.45058	149113205625.82373	0.00000	-59404315512.92726	
33200000.0000000000	-2421072660317077077264736802832384.0000000000		30803.03087	0.00000	205894.90552	150493358329.29373	0.00000	-56661705381.59634	150182250741.25330	0.00000	-56823740833.80484	
33300000.0000000000	-2421078886520752517928314942259200.0000000000		27850.21955	0.00000	197937.11400	151480425077.83771	0.00000	-53961643993.01075	151231179331.92139	0.00000	-54210374298.48097	
33400000.0000000000	-2421086029161404811526830985052160.0000000000		25041.93113	0.00000	189927.83512	152418865963.10846	0.00000	-51244636659.43296	152253914086.08310	0.00000	-51557522584.40225	
33500000.0000000000	-2421093469897422540137017825558528.0000000000		22379.06433	0.00000	181869.65961	153308475918.56253	0.00000	-48511616945.08725	153242516842.30167	0.00000	-48860709987.52191	
33600000.0000000000	-2421100605871955904614287187902464.0000000000		19862.47133	0.00000	173765.19395	154149078957.98917	0.00000	-45763491518.34645	154187984524.42313	0.00000	-46118035557.18065	
33700000.0000000000	-2421106886477224340876277930000384.0000000000		17492.95756	0.00000	165617.05948	154940518361.05139	0.00000	-43001138536.21259	155081040848.05954	0.00000	-43330279458.60475	
33800000.0000000000	-2421111841402153606616557841022976.0000000000		15271.28139	0.00000	157427.89160	155682647413.34531	0.00000	-40225408531.76729	155912883349.09464	0.00000	-40500809229.78077	
33900000.0000000000	-2421115107465951071331048912584704.0000000000		13198.15390	0.00000	149200.33891	156375320931.44366	0.00000	-37437127521.17992	156675867301.18619	0.00000	-37635308592.64632	
34000000.0000000000	-2421116454097495147599892964179968.0000000000		11274.23862	0.00000	140937.06236	157018387976.72150	0.00000	-34637102269.51940	157364094233.06055	0.00000	-34741333680.06613	
34100000.0000000000	-2421115800403693971901122047115264.0000000000		9500.15135	0.00000	132640.73440	157611686443.51773	0.00000	-31826127487.54034	157973850244.44165	0.00000	-31827714882.90836	
34200000.0000000000	-2421113215879958293845068004458496.0000000000		7876.45995	0.00000	124314.03809	158155040215.48105	0.00000	-29004994273.42103	158503838663.02695	0.00000	-28903859127.32711	
34300000.0000000000	-2421108902810032098857306397081600.0000000000		6403.68413	0.00000	115959.66630	158648259171.99106	0.00000	-26174498720.75936	158955184511.36548	0.00000	-25979038766.34798	
34400000.0000000000	-2421103166867590669054939727134720.0000000000		5082.29529	0.00000	107580.32079	159091141694.85941	0.00000	-23335449619.77029	159331238737.24753	0.00000	-23061752821.54462	
34500000.0000000000	-2421096387199063454611332306829312.0000000000		3912.71640	0.00000	99178.71136	159483478861.53549	0.00000	-20488674624.93809	159637247243.60278	0.00000	-20159210654.35466	
34600000.0000000000	-2421088995396609879331893111947264.0000000000		2895.32184	0.00000	90757.55499	159825059485.67761	0.00000	-17635024881.37719	159879951785.29108	0.00000	-17276938693.09251	
34700000.0000000000	-2421081465892272512175006130634752.0000000000		2030.43727	0.00000	82319.57495	160115675562.22308	0.00000	-14775378532.95436	160067158137.08234	0.00000	-14418476425.62669	
34800000.0000000000	-2421074311976305869708182444572672.0000000000		1318.33957	0.00000	73867.49991	160355128248.37289	0.00000	-11910643545.00700	160207261046.72714	0.00000	-11585127090.32829	
34900000.0000000000	-2421068074949762542606308503191552.0000000000		759.25668	0.00000	65404.06309	160543234942.45743	0.00000	-9041759830.28667	160308681076.74384	0.00000	-8775763993.56736	
35000000.0000000000	-2421063291848293400481191616839680.0000000000		353.36759	0.00000	56932.00137	160679838002.83838	0.00000	-6169699926.21622	160379170012.00247	0.00000	-5986752553.11879	
35100000.0000000000	-2421060433580608858987425291042816.0000000000		100.80224	0.00000	48454.05438	160764814971.05252	0.00000	-3295466805.54055	160424995668.25140	0.00000	-3212101380.03276	
35200000.0000000000	-2421059822120324156999832742920192.0000000000		1.64148	0.00000	39972.96366	160798088923.38669	0.00000	-420087375.74972	160450116007.97305	0.00000	-443957839.59520	
35300000.0000000000	-2421061555615283811425345882554368.0000000000		55.91707	0.00000	31491.47176	160779636408.85934	0.00000	2455398712.62596	160455545649.61746	0.00000	2326521549.51855	
35400000.0000000000	-2421065476953746513446928914579456.0000000000		263.61162	0.00000	23012.32134	160709490330.71747	0.00000	5329953424.31104	160439125922.23746	0.00000	5108047695.56432	
35500000.0000000000	-2421071202738013891861985269645312.0000000000		624.65863	0.00000	14538.25433	160587736578.79779	0.00000	8202554755.95949	160395793755.44244	0.00000	7908070854.88658	
35600000.0000000000	-2421078197434630116260932780818432.0000000000		1138.94252	0.00000	6072.01102	160414505450.55573	0.00000	11072208046.41047	160318266494.52063	0.00000	10731900775.57907	
35700000.0000000000	-2421085858249208080545396775976960.0000000000		1806.29866	0.00000	-2383.67081	160189960412.91010	0.00000	13937952511.30449	160197938744.57840	0.00000	13582208438.70654	
35800000.0000000000	-2421093582427292403159436879724544.0000000000		2626.51339	0.00000	-10826.05679	159914286747.27145	0.00000	16798863196.51391	160025788131.86853	0.00000	16458893851.31301	
35900000.0000000000	-2421100808689214604527057338630144.0000000000		3599.32418	0.00000	-19252.41682	159587681551.96976	0.00000	19654049601.77575	159793172211.08395	0.00000	19359219886.06601	
36000000.0000000000	-2421107040619032071605919818973184.0000000000		4724.41961	0.00000	-27660.02595	159210345455.49872	0.00000	22502652224.44802	159492488289.51059	0.00000	22278112275.05708	
